2.62853 0.250386 2.08777 0.0858781 2.30082 208.62 0.361486 0.00053775 3.82754 0.000142152 416505 1.21719  
3.30964 0.116504 2.27883 0.100396 1.90824 194.408 0.524005 0.000498345 2.88004 0.000110071 555544 0.276144  
2.7829 0.124096 2.46246 0.10548 2.22665 201.306 0.473799 0.000462049 3.88693 0.000148472 554309 1.24839  
2.0683 0.103582 1.87818 0.0955154 2.18905 192.363 0.486586 0.000499459 4.04997 0.00011516 267811 1.42929  
2.5765 0.0939521 2.65671 0.103402 2.0852 210.813 0.472613 0.000498887 4.26064 0.000124747 447970 1.29722  
1.27652 0.0365465 2.38819 0.0823571 2.11487 212.5 0.430216 0.000432491 3.58098 3.99641e-05 267369 1.43076  
2.96937 0.0160054 1.92013 0.0928692 1.98711 212.586 0.477657 0.000557871 4.29987 0.000102843 405116 1.04305  
2.4264 0.295047 2.5695 0.097241 1.84478 178.12 0.484281 0.000551508 3.47713 0.000143984 933718 1.40081  
2.2012 0.137226 2.24477 0.101465 2.30545 165.685 0.419455 0.000507965 3.23534 0.000149737 615762 0.676981  
2.95598 0.0894141 2.08437 0.0801669 2.16595 200.949 0.458672 0.000440684 3.84844 0.000124491 783676 1.38363  
2.14007 0.105615 2.62004 0.102768 1.9244 191.073 0.449278 0.000494888 3.57022 0.000102356 293041 1.32907  
2.07593 0.0841003 2.31536 0.107785 2.34286 231.547 0.466958 0.000499192 4.21082 7.05976e-05 401481 0.344533  
2.44325 0.039862 2.13221 0.0968332 2.10199 225.587 0.491846 0.000499131 4.27212 0.000129423 912389 0.857801  
2.00558 0.103607 2.37413 0.0800798 2.33914 214.076 0.507509 0.000486944 3.10452 0.000132127 339816 1.30833  
1.3355 0.18867 1.84045 0.101055 2.51852 223.325 0.353421 0.000455637 3.42051 8.27259e-05 518701 0.803049  
2.81481 0.228575 1.80488 0.0995994 2.03817 226.366 0.536119 0.000458111 4.02709 0.000195063 232730 0.479106  
1.29238 0.0849727 2.09586 0.116676 1.88782 168.344 0.444012 0.000516842 3.98052 0.000178407 951891 0.93471  
2.68041 0.128825 1.745 0.109244 2.18213 188.867 0.534052 0.000426441 3.81449 0.000160761 757121 0.838793  
2.60264 0.172431 1.77884 0.0869756 1.98059 167.074 0.520764 0.000492445 3.96823 0.000107877 642928 0.798156  
2.25213 0.220406 2.14924 0.107864 2.13651 195.332 0.503772 0.000566134 4.06682 0.000143267 384078 0.413734  
2.90276 0.213034 2.0807 0.0745087 2.00411 204.293 0.523944 0.000505825 4.66475 0.00013509 605586 0.504445  
2.58669 0.109803 1.96147 0.0853112 1.79789 176.005 0.494019 0.000524483 4.21429 0.000159868 365274 1.13808  
1.88399 0.0912252 2.05413 0.0960881 2.31544 230.492 0.489645 0.000471071 4.09526 0.000137585 231760 0.316345  
2.20339 0.200231 2.45152 0.0926302 2.36624 195.474 0.414344 0.000506333 4.38357 0.000146048 635641 0.910648  
2.41356 0.0564567 2.17122 0.0798919 1.80911 203.732 0.443806 0.000582182 3.90889 0.000122213 115198 0.701285  
2.5861 0.10192 2.24629 0.096281 1.87918 217.643 0.443787 0.00050675 3.27237 0.000126098 969645 1.10098  
2.63491 0.0468341 2.17383 0.114972 1.78011 198.199 0.411932 0.000515391 3.88345 9.07019e-05 669377 0.373188  
3.44592 0.106705 2.24262 0.0980464 1.98684 229.999 0.376198 0.000529736 4.39655 0.000110137 654260 1.47323  
2.56267 0.104763 1.93425 0.0937224 2.33685 214.78 0.527664 0.000510259 4.78631 0.000118839 698529 0.665116  
3.64382 0.0849044 1.71127 0.0935987 1.87229 212.634 0.474627 0.000483779 3.74989 0.000112003 590199 0.642335  
2.11759 0.125406 2.10795 0.0859167 2.35574 222.816 0.430694 0.000538283 3.93551 0.000136401 208588 0.344563  
2.21022 0.0339719 2.39617 0.0915937 2.05886 201.322 0.45138 0.000476776 2.74099 0.0001359 8152 1.47481  
1.61264 0.0572476 2.1306 0.102891 2.26166 192.961 0.423045 0.000491709 3.96972 0.000156029 878785 1.45304  
3.39465 0.136081 2.15377 0.096137 1.98208 208.753 0.440896 0.000467091 3.0623 0.000187183 103350 1.15681  
2.8441 0.133461 1.50578 0.0916401 2.14268 183.426 0.463346 0.000459264 4.34069 0.000142214 541641 1.2827  
2.35437 0.0696383 1.97954 0.0899683 2.02413 194.47 0.419892 0.000500583 4.11466 0.00017728 585093 0.792182  
1.74593 0.245988 2.05944 0.10862 1.90585 204.533 0.512754 0.000529132 3.67819 0.000167768 497665 1.38803  
2.95855 0.0932218 2.12728 0.0917416 2.15798 197.537 0.488741 0.000513244 4.06581 5.50822e-05 342940 1.18023  
1.74692 0.113161 2.25566 0.0901152 2.04902 222.304 0.388076 0.000545301 3.88096 0.000154785 190780 1.3004  
1.98379 0.171496 1.9578 0.0907197 2.184 187.407 0.432319 0.00046814 3.37053 8.64279e-05 183275 1.22939  
2.3743 0.100776 2.0024 0.0913889 2.27977 209.423 0.413294 0.000461605 4.20953 8.32995e-05 636506 0.801254  
1.522 0.0530433 2.13277 0.104742 2.22506 204.934 0.300076 0.000506277 3.55386 0.000176499 504564 1.26532  
3.26086 0.0425005 2.02871 0.0981723 2.18707 196.478 0.42481 0.000637406 3.92033 9.20038e-05 582298 0.962123  
2.27451 0.116418 2.03705 0.0945514 2.42202 167.213 0.365579 0.000454265 3.90302 0.000152532 193141 0.581295  
2.25382 0.118309 2.1483 0.0942722 2.53102 198.72 0.477865 0.000509306 4.0319 9.90324e-05 810322 1.37231  
4.02399 0.150743 2.3167 0.0977628 1.74863 186.373 0.41851 0.000521939 3.82954 0.000130175 502637 1.25855  
2.04528 0.229647 1.88604 0.0929369 2.30989 189.039 0.423871 0.000565316 4.34972 0.000127916 70850 0.792063  
2.40482 0.145673 2.25839 0.106841 2.22928 190.695 0.45532 0.000576602 4.06727 9.19865e-05 77703 1.47909  
1.19043 0.0469257 2.4742 0.0993579 2.24984 190.719 0.528887 0.000435513 4.51463 0.000112777 691149 1.41879  
2.60791 0.0588488 2.18019 0.10107 2.23371 214.735 0.485609 0.000592046 3.40282 0.000117605 749539 1.21322  
1.0978 0.0477897 2.10229 0.0922764 2.02669 217.852 0.419044 0.0004977 3.9643 0.000123791 124287 0.62874  
2.82062 0.135057 2.35515 0.100813 2.00711 222.963 0.468641 0.000520821 4.73066 6.12204e-05 93962 1.3446  
2.24307 0.0519354 1.81385 0.101675 1.89675 179.607 0.492512 0.00050336 3.97025 0.000101202 359185 0.402932  
2.17481 0.0740319 2.13425 0.0971362 1.99025 204.845 0.457518 0.000448483 3.98163 0.000135006 820864 0.871342  
1.4367 0.0389645 1.94188 0.0806026 2.23045 199.445 0.530156 0.000547263 3.64568 0.000170238 983061 0.878765  
2.30672 0.0965 2.16973 0.10122 1.66076 194.07 0.431927 0.000475171 3.78634 0.000128092 650543 1.37665  
1.57922 0.136992 2.21767 0.0952551 2.24908 231.733 0.503673 0.000483326 3.79511 0.000137422 142672 0.706237  
2.88442 0.233487 2.17726 0.105051 2.58954 216.369 0.517068 0.000505273 4.94995 0.000100091 267119 0.883915  
1.85965 0.256707 2.09288 0.0885367 2.051 247.192 0.494322 0.000437868 4.27771 0.000108596 825067 0.384378  
2.77213 0.0889983 1.797 0.108477 2.20034 179.612 0.492902 0.000559495 3.31481 0.000166303 16209 1.46358  
2.24975 0.142487 1.88842 0.0953012 1.9808 190.806 0.508418 0.000495585 3.21749 0.000132984 942446 1.37319  
1.41156 0.0730308 1.879 0.0958213 2.30641 242.313 0.530222 0.000439029 4.31869 0.000124296 530423 1.05655  
3.27923 0.2209 2.38083 0.090911 2.12432 182.529 0.508609 0.000483991 4.16041 0.000141747 694156 0.303289  
1.75415 0.126961 2.0546 0.097711 1.92462 185.363 0.409799 0.000497051 4.34754 0.000177768 443229 0.797317  
1.95082 0.0248866 2.2911 0.0938952 2.38432 226.762 0.401447 0.000495693 3.71372 8.52853e-05 370731 0.920249  
2.44482 0.147699 2.22892 0.103241 2.15356 219.175 0.440509 0.000523889 4.20515 8.78925e-05 621301 0.761351  
3.30578 0.0549947 2.19027 0.108756 2.0312 216.536 0.55546 0.000618016 3.9302 9.47591e-05 365299 0.736757  
2.4088 0.121391 2.23503 0.103851 2.35655 208.805 0.44881 0.000420871 4.62353 9.90159e-05 51233 0.592647  
1.07187 0.126917 2.1397 0.0812487 1.79236 182.707 0.458678 0.000530828 4.04219 5.12277e-05 100765 1.46599  
2.65817 0.0952913 2.21072 0.0919332 1.88073 205.552 0.448026 0.000521406 4.25838 0.000141023 600451 0.291013  
2.80089 0.111149 2.14589 0.0909627 1.94031 210.861 0.38459 0.000504608 4.42762 0.000144604 281482 0.948782  
1.45568 0.181788 1.73128 0.0982817 2.14534 194.631 0.517222 0.000545992 4.11193 0.000104465 619018 0.921904  
1.7844 0.117882 2.15492 0.0969752 1.94206 202.837 0.456149 0.000423974 4.34575 0.000109182 1248 0.583866  
2.17988 0.133122 2.14139 0.0949035 2.23135 213.211 0.418599 0.000595278 3.87774 0.000139832 266649 0.386692  
1.69131 0.0802297 1.90103 0.106731 2.55419 217.629 0.44599 0.000525123 4.12491 0.000112827 351556 0.957828  
1.68265 0.0945948 1.98696 0.103841 1.6156 170.879 0.399105 0.000474786 4.21068 8.41958e-05 148891 1.06276  
2.15064 0.0224839 2.37758 0.0963583 2.11808 206.253 0.472329 0.00059309 4.92928 0.000128427 63034 0.957011  
3.27868 0.0328407 2.16504 0.101083 2.2049 213.165 0.543907 0.000427841 3.10676 9.5538e-05 759627 1.29729  
2.10863 0.172099 2.2659 0.0896998 2.55234 206.175 0.407639 0.000439395 3.48675 0.000112769 681764 1.31204  
2.00148 0.140309 2.28447 0.0870852 2.00006 186.849 0.406461 0.000505984 3.95564 0.000133022 14654 1.39589  
1.11954 0.11302 2.47284 0.0982189 2.07536 192.999 0.474892 0.00057909 4.56683 0.000123123 126860 0.947608  
1.96661 0.135257 2.07267 0.0966775 1.94752 181.546 0.424065 0.000553134 3.52186 0.000105822 507791 0.679568  
2.41514 0.140116 1.91928 0.100823 1.98142 211.898 0.416175 0.000486333 4.01143 0.000136235 63651 0.666554  
2.11786 0.0847965 1.70429 0.0941744 2.02437 200.144 0.482892 0.000518268 3.59661 0.000128394 154775 0.500717  
1.66206 0.109454 2.19186 0.102555 2.25112 214.847 0.444531 0.000476606 3.4695 0.000157901 271735 1.06512  
2.82676 0.146697 2.19275 0.089935 1.81453 195.045 0.492347 0.000553922 3.48492 0.000160584 52926 0.833707  
3.17002 0.174477 2.11736 0.0853413 1.8579 215.436 0.456406 0.000460419 3.58721 0.000152048 122296 0.566559  
2.14352 0.111744 2.20746 0.0886536 1.69323 238.567 0.445603 0.000496405 4.73317 8.3195e-05 657483 1.46265  
1.64021 0.14231 2.33623 0.104743 2.0727 209.813 0.483986 0.000489604 4.04083 0.000105191 445704 1.10342  
3.97518 0.14975 2.10202 0.103089 2.33029 232.252 0.489676 0.000451942 3.36274 0.000189006 969257 0.641475  
3.54935 0.0865894 2.24945 0.115646 2.19766 180.053 0.469914 0.000553126 3.41658 0.000156334 47753 0.328565  
2.31828 0.050494 2.22733 0.105228 2.18622 190.181 0.436362 0.000593114 4.54209 7.61403e-05 411384 0.503857  
2.61021 0.029887 2.22421 0.0874459 2.46913 227.106 0.423904 0.000525059 3.91 7.64312e-05 179306 1.16487  
1.48076 0.0972788 2.25236 0.0848309 1.98147 232.567 0.547138 0.000475333 3.99288 0.000126609 393210 1.29593  
1.95282 0.159094 1.78957 0.0960776 2.23942 222.669 0.435568 0.000551212 3.94936 0.000166776 599920 0.482755  
2.40469 0.100758 1.98607 0.0943651 2.26269 188.894 0.505335 0.000533352 3.49062 0.000140251 686690 1.23033  
2.86124 0.0778839 1.92194 0.090865 2.23379 184.271 0.426891 0.000555394 4.3404 0.000185677 564386 0.734036  
1.81322 0.0851608 2.15114 0.0969396 1.90029 221.681 0.468108 0.000525097 3.87551 0.00010909 736141 0.893398  
1.93495 0.100369 2.07709 0.0831807 2.31123 172.283 0.488134 0.000511285 4.34339 0.000137076 901644 0.652977  
2.04233 0.145751 2.14064 0.0943342 1.90451 232.271 0.431656 0.000455993 3.80006 7.05859e-05 691362 0.992207  
2.89476 0.0688742 2.1191 0.112675 2.41947 188.555 0.458291 0.000541088 4.15923 8.41789e-05 993090 0.648391  
2.461 0.111297 2.07928 0.108616 2.27069 204.548 0.468293 0.000511211 3.99515 0.000130741 986840 0.690805  
1.62696 0.105114 2.02678 0.0808202 1.8136 215.34 0.442008 0.000526667 4.41052 9.52946e-05 157118 1.16826  
3.17811 0.0888932 2.22732 0.0904796 2.07273 172.744 0.397715 0.000551242 3.60108 0.00014613 902618 1.49748  
1.90369 0.09818 2.62147 0.073057 1.98609 209.159 0.429899 0.000481722 3.71273 0.000173344 751391 0.49987  
1.73443 0.181651 2.29699 0.104816 1.93636 206.543 0.481428 0.000571284 4.32287 0.000117126 121962 0.355097  
2.41601 0.168644 2.25442 0.100209 2.23877 221.608 0.574003 0.000466871 5.05097 0.000150982 921989 1.21572  
3.00456 0.0756571 1.99054 0.101404 1.56465 213.537 0.483211 0.000491413 3.36822 0.00011398 216577 1.34503  
2.10565 0.0765727 2.2883 0.100591 2.02531 211.273 0.469661 0.00049191 3.76453 0.000124341 596516 1.23719  
2.46596 0.136281 1.66913 0.092262 1.91479 194.296 0.496577 0.000571087 4.49397 0.000117001 76397 0.402547  
2.81277 0.11915 1.74684 0.0926994 1.77261 201.544 0.487952 0.000539576 3.54073 9.7821e-05 686788 1.05051  
2.68633 0.0513892 1.97782 0.0955064 2.21434 168.48 0.374535 0.000513267 3.9771 9.00859e-05 176009 0.815902  
2.04911 0.151499 2.1934 0.0946069 1.80993 213.001 0.486119 0.00060285 3.97508 0.000118011 298131 0.867687  
1.98054 0.0991576 2.32643 0.0962099 2.40348 232.927 0.564388 0.0006221 3.93698 0.000110244 710913 1.09337  
0.651999 0.091289 2.1303 0.0981774 2.22484 195.019 0.520002 0.000505011 4.32135 9.63838e-05 727910 1.3289  
2.56854 0.159326 2.06828 0.102531 1.93644 211.286 0.453615 0.000503558 4.87766 0.00013582 50179 0.451833  
2.59985 0.141274 2.21705 0.1105 2.25261 226.226 0.549131 0.000469435 4.13596 0.000120591 81508 0.586256  
2.60796 0.175573 1.97351 0.104649 2.44676 192.697 0.524628 0.000480029 3.36796 0.000122473 624696 1.38429  
1.88983 0.0552728 2.09762 0.075512 2.16702 209.452 0.4619 0.000437399 3.80636 0.000179892 286011 0.964909  
2.27471 0.398661 2.01821 0.087176 2.03791 207.815 0.442507 0.000442778 4.17074 0.000106861 69167 0.611734  
2.04486 0.0631905 2.08001 0.0910676 1.98 231.272 0.48002 0.000557773 3.94961 6.58632e-05 663801 1.36214  
3.08715 0.0768586 2.03131 0.0997387 2.51809 198.601 0.469641 0.000478481 4.09184 0.000168053 604523 0.661462  
2.77989 0.0508313 1.99081 0.0992628 2.5881 193.291 0.452917 0.000484548 3.97168 0.000138534 457586 1.09803  
1.38181 0.163384 2.36963 0.107196 1.57905 170.587 0.546539 0.000590316 4.23538 0.000192651 132519 0.805908  
2.63565 0.199245 2.47403 0.0998046 2.06301 229.911 0.510951 0.000489364 4.46662 0.000110864 301352 1.47633  
2.3697 0.12773 2.09111 0.0829708 2.33517 195.037 0.493877 0.000490686 3.57133 0.000153294 868569 0.688404  
2.01555 0.111859 2.172 0.0953846 2.42344 221.084 0.472316 0.000565072 3.83834 0.000161691 108445 1.27782  
2.26193 0.0942094 2.47844 0.0973131 1.95902 229.205 0.44736 0.000450714 4.49216 0.000132186 41906 0.634286  
1.86176 0.0653358 2.03944 0.0926564 2.1727 185.162 0.454279 0.000553615 4.03683 0.00013266 273482 1.31472  
2.64838 0.237855 2.17022 0.0898556 2.32731 213.308 0.488571 0.000500706 3.71705 0.000131002 395403 1.22721  
1.38905 0.0866963 2.26541 0.0791012 2.40649 180.606 0.518448 0.000562555 4.23578 5.4437e-05 825308 0.597513  
2.9807 0.262924 2.09563 0.082771 2.05116 204.008 0.458204 0.000546701 4.31112 0.000114573 66988 0.321091  
2.22472 0.19977 1.92394 0.0998911 1.73595 226.405 0.521062 0.000503847 3.40517 6.85531e-05 333892 1.04365  
2.45829 0.114546 2.11791 0.0952263 2.1297 184.384 0.458283 0.000522292 3.70628 4.11128e-05 337799 0.623668  
3.30247 0.107449 2.20481 0.109155 1.95941 215.393 0.367745 0.00047126 4.11041 0.000157732 980795 0.385513  
1.96799 0.0954587 1.93644 0.114718 2.41811 165.571 0.46955 0.000530813 4.33795 0.000165117 525396 1.07879  
3.14316 0.0804719 2.32815 0.105525 2.12267 198.681 0.505019 0.000651946 4.30239 6.98173e-05 730001 1.35667  
2.18875 0.229929 2.09926 0.0928546 1.97173 225.638 0.445449 0.000441469 3.99068 0.0001364 938127 0.503515  
1.98645 0.104859 1.98825 0.116391 2.1859 170.131 0.482947 0.000476254 3.82829 0.000119667 648192 0.952825  
1.15901 0.108116 2.39571 0.0807293 2.31719 253.625 0.440927 0.00053271 4.23397 0.000122754 897114 0.617019  
2.32732 0.114843 1.95741 0.0907865 2.02996 184.898 0.483156 0.000487552 3.83309 0.000145864 912973 1.33176  
2.23 0.126081 2.33358 0.106766 2.17835 174.104 0.486967 0.000562528 4.37946 0.000154337 793710 1.48597  
2.04765 0.0912085 2.21396 0.0900665 1.8059 211.508 0.477352 0.000466365 3.70416 0.00012473 871356 0.698503  
1.77916 0.0694057 1.95562 0.101575 2.02772 254.848 0.483641 0.000570611 3.72218 8.96645e-05 112204 0.412088  
1.86257 0.215728 2.1926 0.0931338 2.17699 225.306 0.48164 0.000519979 3.92596 0.000189558 683874 0.500657  
2.43049 0.154365 1.82256 0.106167 2.11212 214.075 0.451618 0.000652199 3.56488 0.00013651 286566 1.26106  
1.73194 0.141407 2.14845 0.101067 2.31311 192.563 0.457441 0.000475709 4.29119 9.85823e-05 977965 0.425927  
3.41887 0.05969 1.95069 0.10036 2.1084 187.776 0.407777 0.000531703 4.13839 0.000111969 557477 0.69097  
1.63204 0.195729 2.02653 0.106629 2.37346 220.996 0.414987 0.000453311 4.21074 9.15045e-05 205765 0.52921  
3.68022 0.10236 1.87712 0.104468 2.17419 238.838 0.442466 0.000494757 3.80148 0.000119621 161277 1.32128  
1.53493 0.120332 2.01741 0.110128 2.3711 197.193 0.509249 0.000438047 3.99895 0.000166151 559767 0.599884  
1.55885 0.0973886 2.2465 0.0911848 2.41106 165.109 0.447389 0.000613185 4.15036 0.000156751 602822 1.03957  
3.27531 0.0207113 2.06674 0.0851117 2.15712 210.314 0.474444 0.00051302 4.00623 0.000107542 246002 0.725991  
3.11059 0.105876 2.01185 0.106113 1.82929 207.276 0.464307 0.000542057 4.77707 0.000104729 985948 0.913086  
2.3444 0.203976 2.11463 0.0881772 1.96655 215.038 0.446857 0.000518468 3.54468 0.000150528 450164 0.553774  
2.60334 0.0552505 2.15254 0.100115 2.24322 199.476 0.387716 0.000557899 4.15237 8.61846e-05 332161 0.612094  
1.86859 0.10952 2.4113 0.0938216 2.37915 204.35 0.526209 0.000515222 3.58302 0.000143383 806078 1.39377  
2.51267 0.252584 2.39562 0.0840389 2.03305 216.096 0.406122 0.000495536 4.03536 0.000126698 148938 0.615963  
2.32778 0.0943149 2.0626 0.110512 2.29162 203.817 0.528879 0.000478845 3.78574 0.000148954 5984 1.25192  
1.89233 0.101648 2.24231 0.085907 1.8781 193.66 0.498235 0.000544018 4.17834 0.000145443 477949 0.327317  
2.15836 0.104824 2.54682 0.0834094 2.22682 204.584 0.519001 0.000460885 4.01347 0.000152597 140834 0.519422  
1.90642 0.0956364 2.18666 0.102098 2.25103 200.265 0.412845 0.000503453 4.66183 0.000170509 919923 0.401735  
1.44813 0.0867301 2.08999 0.108924 2.26379 201.168 0.45095 0.000469069 3.17582 0.00010883 903268 0.661019  
1.76166 0.10636 2.29396 0.0931521 2.14155 180.684 0.43666 0.00048163 4.70199 0.000115638 547593 0.329586  
1.01581 0.0411575 2.20566 0.101991 2.39046 181.569 0.444591 0.000586173 3.72475 0.00015642 164176 1.20626  
1.69614 0.202181 2.18828 0.107292 2.28791 184.29 0.452756 0.000485323 4.22451 0.000125571 673016 1.14838  
1.6671 0.0658329 2.50482 0.105981 2.62951 247.223 0.482115 0.000480073 4.24463 0.000139255 251031 0.853945  
2.61326 0.063817 2.10937 0.112633 1.99933 190.172 0.472758 0.000458151 4.29814 0.000112104 933914 1.11451  
2.6329 0.123884 1.86534 0.0952443 2.14449 200.358 0.384808 0.000571561 3.86888 0.000170633 7726 0.665735  
2.01728 0.16773 2.34354 0.109596 2.06619 198.312 0.402293 0.000497439 3.64337 0.000129655 641593 1.31765  
2.40144 0.0919286 2.21832 0.0893339 2.24963 194.304 0.445109 0.000541406 3.31357 0.000141301 547757 1.1767  
1.55669 0.141814 1.89472 0.107883 2.15843 211.915 0.419921 0.000492923 4.06312 0.000145445 156498 0.574681  
2.73561 0.0524469 1.93077 0.0933032 1.88771 217.976 0.456574 0.0004742 3.32541 0.000129588 784719 0.744844  
2.74919 0.135529 1.89166 0.0873039 2.2041 171.864 0.474736 0.000416057 4.23211 0.00014716 829563 1.32395  
3.03415 0.0671956 2.24968 0.0790393 2.02324 233.489 0.473582 0.000462745 4.48234 0.000142328 558515 0.339427  
1.33157 0.317769 2.34756 0.112625 2.28747 230.94 0.385173 0.000513796 3.95402 8.26284e-05 685375 1.13788  
2.94119 0.144061 2.16472 0.0932536 2.12275 201.906 0.461752 0.000485188 3.27834 0.000160942 476315 0.893003  
2.20917 0.159313 2.17183 0.101154 1.83407 166.677 0.536694 0.000440565 4.27659 0.000143123 887946 1.11842  
2.35296 0.216337 2.05784 0.105438 1.93278 212.442 0.418012 0.000592212 3.81657 7.70097e-05 653410 0.384213  
1.79511 0.07785 2.30511 0.112092 2.02917 236.02 0.391982 0.000478631 3.57624 0.00015642 959717 1.37587  
2.67956 0.207635 2.34799 0.0880105 1.92668 238.509 0.4711 0.000484802 4.32687 0.000117135 604740 0.927906  
1.97953 0.129867 2.2798 0.0895677 2.34262 209.717 0.490897 0.000510407 3.64232 0.000128959 417210 0.911927  
2.44299 0.15118 1.91646 0.0992777 2.33497 210.936 0.478287 0.000597558 4.24932 9.55296e-05 794802 0.370113  
2.15904 0.103362 2.34674 0.098081 2.24584 191.583 0.454676 0.000471638 3.64852 0.000158933 939189 0.981987  
2.29039 0.22274 1.69375 0.0864276 2.12992 189.338 0.534487 0.000462683 4.47546 0.000164385 244705 0.602083  
1.68901 0.119395 2.54611 0.0967765 2.27487 215.325 0.387983 0.000410478 3.80506 0.000109866 630143 1.36489  
2.65541 0.134224 1.99061 0.100784 1.94969 230.29 0.384555 0.000441596 4.01092 0.000157134 685707 1.3211  
2.23996 0.234339 2.15202 0.0925014 2.14568 201.316 0.428336 0.000405782 4.83268 0.000131238 171079 1.0527  
2.58626 0.0741925 2.13498 0.0933873 1.98488 203.247 0.441176 0.000441085 3.50765 9.62288e-05 468201 0.986642  
2.94259 0.0969801 2.05686 0.0939587 2.20122 216.588 0.43998 0.000490061 4.72599 9.70673e-05 668914 0.553699  
2.33568 0.161851 2.21526 0.10318 2.25589 205.529 0.411231 0.000519629 4.75343 0.000131487 210151 1.12943  
2.96121 0.0529795 2.25682 0.0896414 2.27599 195.531 0.507637 0.000479598 3.85231 0.000135935 272241 0.851781  
2.84654 0.0953689 2.28216 0.117823 2.55687 194.756 0.559806 0.000479074 4.11726 0.000102875 601417 1.29021  
1.90463 0.186703 1.87497 0.0931523 2.12714 195.641 0.401926 0.00043197 4.37813 0.000155623 134557 0.333238  
3.12233 0.0913063 2.08485 0.0860809 2.16661 214.937 0.458434 0.000488604 4.50414 0.000148199 335037 0.481987  
2.37547 0.22993 2.12038 0.0919477 2.15121 203.796 0.42 0.000490874 2.99529 0.000130215 484332 0.704855  
2.32411 0.0866043 2.30976 0.100304 2.1762 218.02 0.443248 0.000463251 4.22121 8.04743e-05 945357 1.06701  
1.79456 0.141365 2.01473 0.0941176 1.86626 196.653 0.447408 0.000457013 4.63182 0.000131526 636487 0.927459  
2.31002 0.191768 2.10323 0.0846503 1.76397 200.271 0.503183 0.000495149 4.01244 0.000132276 789597 1.49576  
1.82624 0.0383555 2.02587 0.12497 1.51687 172.157 0.454823 0.000448357 3.69949 8.45163e-05 467652 0.752743  
3.34739 0.0211551 2.10334 0.0964608 1.8933 194.641 0.476989 0.000544774 4.90814 8.75178e-05 320095 0.830454  
2.4175 0.0380238 1.89923 0.104774 2.04279 178.396 0.338229 0.000507259 3.69768 0.000126855 905142 1.05578  
2.04091 0.090755 2.27197 0.101489 2.20435 189.732 0.549512 0.000605842 3.68232 0.000112604 510766 0.578424  
1.63525 0.069582 1.98913 0.0834422 2.26125 192.185 0.461607 0.000438075 3.66361 0.000165057 499056 0.835691  
1.39631 0.0951926 2.13118 0.0911211 2.43832 213.75 0.465627 0.000561008 4.03574 0.00013213 529901 0.347578  
3.36301 0.0932692 2.35118 0.112468 2.24446 197.447 0.438135 0.00051474 3.77982 0.000111715 248473 1.02043  
1.82951 0.102348 2.20928 0.090513 2.05512 194.854 0.550677 0.000530407 4.21634 0.000180553 459512 0.428144  
2.08118 0.0392717 2.06883 0.0982584 2.40375 205.37 0.455003 0.000529038 3.94762 0.000156034 108013 1.06437  
1.52855 0.127662 2.36256 0.0916706 2.42073 206.043 0.4164 0.000493748 3.90345 0.000115898 633237 0.537435  
2.66386 0.119557 2.24731 0.0993051 2.47649 183.757 0.477467 0.000478043 3.92651 0.000106213 423063 0.514497  
1.83062 0.114807 2.16029 0.0782811 2.07793 214.811 0.425933 0.000494714 4.63202 0.000126534 301549 0.383294  
2.27754 0.0937335 2.04176 0.106157 1.90114 174.438 0.564423 0.000406394 3.83395 0.00017003 560085 0.954406  
3.21826 0.0915686 2.066 0.0858157 2.05378 182.565 0.363973 0.000539598 4.46652 0.00010551 275519 1.34765  
3.88928 0.0657267 1.89362 0.0914212 2.09205 206.945 0.419543 0.000460273 4.40284 0.000112046 438369 1.38106  
2.52495 0.109237 2.33698 0.100572 2.26926 189.286 0.430507 0.000523392 3.94602 0.000147974 353746 0.969717  
1.90036 0.0721653 2.15815 0.101335 2.27518 171.309 0.447276 0.000467097 4.2081 9.95878e-05 120423 0.99479  
1.22996 0.131178 1.79134 0.0998022 2.29229 216.898 0.429192 0.000474544 4.18532 0.000130594 170275 0.632904  
3.12611 0.089993 2.24091 0.112465 2.51461 198.522 0.542701 0.000468154 4.03445 0.000110687 359621 0.503344  
2.1944 0.137237 2.0369 0.0817417 1.87921 240.815 0.508224 0.000624184 4.81227 9.15154e-05 872768 0.612507  
1.00376 0.17228 2.30614 0.0860898 2.07752 190.963 0.449624 0.000539306 4.61338 0.000177432 208190 0.361283  
2.92241 0.0674216 2.02282 0.0853875 2.4099 177.358 0.473713 0.00046588 4.18962 0.000129377 688728 0.726245  
2.27823 0.0278991 2.10639 0.101616 2.14843 222.054 0.378463 0.0005342 4.23391 8.20219e-05 608745 0.519758  
2.20503 0.153562 2.0867 0.0986716 2.45582 224.119 0.37481 0.000514112 3.40111 0.000136679 273437 1.41474  
2.26827 0.0959613 2.21338 0.0956401 1.86042 189.497 0.553845 0.000556085 3.55936 0.00014138 715049 1.43337  
2.60503 0.191314 2.26409 0.102406 2.14749 200.166 0.457248 0.000479203 3.68899 0.000164795 304342 1.34999  
2.24838 0.106029 2.0772 0.0894196 1.97229 205.672 0.448359 0.000571204 3.39788 8.94424e-05 102600 1.1616  
2.17105 0.192184 2.15052 0.0810914 2.4582 195.615 0.456159 0.000596631 3.71843 0.00015134 251960 1.02939  
2.29447 0.0726177 1.97602 0.0907633 2.04326 235.41 0.449212 0.000482857 4.59729 0.000125945 164224 1.02933  
2.30031 0.086674 2.19767 0.0784785 2.05689 221.712 0.425426 0.000314871 3.96634 0.000188743 813799 1.28779  
1.52561 0.189899 2.24235 0.1128 1.80353 193.236 0.452713 0.000476215 4.03187 0.000124334 860784 1.20689  
1.57359 0.116727 1.7283 0.0957637 2.09261 227.962 0.441481 0.000490462 3.89866 0.000144535 933099 0.340601  
1.67021 0.0931977 2.10565 0.0901092 2.17595 190.096 0.463323 0.000457887 3.40319 0.000146078 460708 0.364816  
2.33571 0.12887 2.3507 0.0990055 1.97895 208.439 0.426404 0.000504088 3.78178 0.000115519 523570 0.317955  
2.14427 0.0594888 2.38918 0.080027 2.24946 188.64 0.456683 0.000460957 3.89448 0.000123615 952155 0.345014  
2.01184 0.0721508 1.92384 0.0926452 2.75069 195.158 0.412127 0.000529157 3.5741 0.000100789 881599 0.657927  
2.00748 0.214823 1.97897 0.107074 2.25227 187.139 0.404186 0.000535128 4.3233 0.000137163 152381 1.48233  
2.40623 0.0448416 1.99804 0.0933379 1.94886 243.823 0.299306 0.000430348 4.22077 0.000171333 270521 0.852411  
2.46227 0.25644 1.83197 0.0926265 2.18487 202.042 0.523534 0.000569385 4.28855 0.00011258 261941 0.291804  
1.75323 0.0600052 2.18544 0.107724 2.0609 209.25 0.515704 0.000574268 4.10317 0.000130603 389648 1.09542  
1.56986 0.0613442 1.83445 0.0815198 1.88656 212.198 0.499646 0.000544838 4.1051 0.0001227 673965 0.49033  
2.41871 0.117744 2.30746 0.0933885 2.34543 196.548 0.512774 0.000522175 4.06148 0.000138469 407825 1.46367  
2.82374 0.119868 2.02294 0.0956893 2.3344 207.014 0.487534 0.000492285 4.2139 0.000128736 602762 1.13156  
2.97412 0.0541426 2.1141 0.0841566 2.10633 215.959 0.420332 0.000501478 4.16533 0.000176914 498773 1.08416  
2.05197 0.0613448 2.05043 0.104464 2.12342 209.221 0.42829 0.000538935 4.84598 0.000146899 821185 0.46482  
2.0953 0.130434 1.6533 0.108272 2.15484 198.777 0.435241 0.000505663 3.96943 8.96228e-05 766719 0.609836  
2.89911 0.140177 2.06007 0.0948265 2.3307 186.502 0.430995 0.000453523 3.94155 0.000115634 805998 0.920201  
2.57445 0.133464 2.35592 0.0919432 2.28092 257.119 0.475489 0.000484471 3.12135 0.00015527 503019 0.601168  
2.34393 0.122694 1.87718 0.0953841 2.09067 219.353 0.466288 0.000484161 4.37076 0.000117869 920866 1.28262  
2.1392 0.104408 1.79829 0.107985 2.46137 221.421 0.436233 0.000510259 4.38243 7.32312e-05 887271 1.38597  
2.84813 0.119819 1.82292 0.0918447 2.16047 213.427 0.542459 0.000543986 4.53012 0.00010444 988009 0.813401  
2.64688 0.0433066 2.11827 0.103665 1.98633 226.031 0.512118 0.000523071 3.84607 8.7689e-05 149966 0.833433  
1.84407 0.0579913 2.094 0.089848 2.21888 220.796 0.411491 0.000459934 4.10482 9.99458e-05 162786 0.731226  
2.73222 0.122925 2.24913 0.0838548 1.8599 223.967 0.475847 0.000462604 3.91175 0.000107248 258273 0.955689  
1.62245 0.0590164 2.40203 0.0995727 2.11564 238.073 0.424994 0.000523874 4.01947 0.000168024 125539 1.18984  
2.36475 0.126706 2.31235 0.104082 2.45754 230.552 0.370067 0.00050335 4.16514 0.000115694 705326 1.13113  
2.38079 0.135741 1.99775 0.0951122 2.25494 198.022 0.521676 0.000562359 4.17602 0.000148176 719343 1.20007  
2.01781 0.121579 2.06955 0.106295 2.359 207.193 0.474322 0.000440406 4.22834 0.000121361 320798 0.731958  
3.33733 0.0827681 2.27663 0.103377 1.83727 233.111 0.506627 0.000515995 4.52207 9.34869e-05 684786 1.13213  
2.26279 0.101108 2.21172 0.100851 2.14415 204.867 0.404376 0.000468246 3.71186 0.00013354 319630 1.13098  
2.01519 0.212113 2.37123 0.103485 2.17176 208.914 0.504935 0.00048057 4.06965 0.000117306 742339 0.718137  
1.31787 0.132508 2.03814 0.0931321 1.87952 179.684 0.511751 0.000453632 3.65507 0.000182518 79081 1.19714  
2.04117 0.109176 1.96747 0.10189 2.1303 206.667 0.432854 0.000491163 3.91262 0.000115431 961651 1.45114  
1.9683 0.148075 2.03355 0.0962077 2.36102 209.448 0.388789 0.000496598 4.4179 0.000209565 541802 1.3883  
1.81984 0.0907977 2.34413 0.115608 1.81912 216.063 0.490729 0.000473351 4.20982 0.000174666 408460 0.440839  
1.80372 0.0632772 2.07708 0.0913213 2.40599 186.846 0.436604 0.000502125 3.19619 0.00012902 56454 0.945518  
2.46088 0.231535 2.36494 0.100262 2.30157 191.182 0.480631 0.00050753 4.46926 0.000147608 25059 1.3879  
3.09307 0.0847321 1.76584 0.107857 2.21192 181.181 0.458362 0.00043712 3.75115 0.000152583 629471 0.839773  
1.71053 0.200452 2.02246 0.109429 2.25405 236.76 0.526411 0.000486011 4.08383 6.30323e-05 648493 0.646226  
2.0466 0.118103 1.94678 0.112987 2.01074 221.425 0.404641 0.000432777 3.83458 0.000181005 837823 0.757001  
2.28834 0.110038 2.00761 0.107786 2.11017 206.565 0.515339 0.000446538 4.26061 0.000207873 405532 0.705419  
1.87848 0.116162 2.09482 0.0866947 2.23279 202.999 0.507024 0.000472052 4.53829 8.81325e-05 363005 1.43785  
3.6707 0.125833 2.34955 0.0935043 2.12998 199.912 0.379241 0.000484074 3.67745 0.000103196 874575 0.692094  
2.35968 0.166045 1.9662 0.0856775 2.30382 218.237 0.47818 0.000540094 4.20932 9.00208e-05 43747 1.32467  
1.91586 0.0433996 2.17147 0.107528 2.29862 195.712 0.493658 0.000424155 4.11824 0.000141958 559277 0.536732  
2.42441 0.0662382 2.24002 0.0965678 2.12538 203.031 0.453064 0.000413649 4.38413 0.000128852 404149 0.643672  
2.32054 0.311135 1.97658 0.0825628 1.77465 209.619 0.428547 0.000459609 4.37099 0.000120701 689196 1.37924  
2.94888 0.131654 2.35312 0.0967997 2.70988 198.71 0.440626 0.000421203 3.74035 0.000159145 755445 0.888726  
1.56139 0.188444 1.55145 0.0964555 2.12199 209.231 0.499306 0.000488073 4.0654 0.000149246 187422 0.518666  
2.35316 0.073561 2.43117 0.103017 2.21268 228.933 0.454741 0.000440187 3.16766 0.000164214 417172 0.97651  
1.72691 0.206068 2.10837 0.115491 2.35238 144.554 0.518433 0.000483032 3.29073 0.000151222 365145 0.422723  
2.56249 0.0779697 2.30364 0.0920704 2.26285 231.233 0.401322 0.000598196 4.06723 0.000125932 302367 1.25641  
2.33836 0.08999 1.8526 0.0855403 2.07439 176.926 0.466825 0.00046792 3.64564 0.000104251 4616 1.26277  
2.99516 0.0668381 2.07172 0.0990866 2.22594 232.071 0.503562 0.000518995 3.83568 6.14927e-05 890751 1.16637  
2.13253 0.145887 2.17154 0.095246 2.37566 193.441 0.441629 0.000464091 4.24399 0.000134335 300472 0.633302  
1.78766 0.199085 2.51579 0.100283 2.13549 211.429 0.448457 0.000453642 4.33621 8.53889e-05 195222 1.05803  
2.13476 0.114165 2.0952 0.115934 2.01319 219.078 0.488181 0.000478396 3.98983 9.28953e-05 298799 0.941586  
3.52635 0.138748 2.21507 0.10228 2.25636 202.566 0.41004 0.000558784 3.80959 0.000151972 189782 0.554931  
2.9498 0.131275 2.53964 0.0945931 1.76247 206.735 0.451363 0.0004749 3.43506 0.000184248 616330 1.1064  
1.21225 0.0822527 2.19546 0.0925267 2.24359 205.576 0.453557 0.00050353 3.80009 0.00012667 409157 0.409985  
2.31102 0.0552656 2.50401 0.0975096 2.1295 173.543 0.428488 0.000445528 3.57223 0.000139127 458459 0.43448  
1.96988 0.120457 1.99266 0.0938541 2.46516 200.13 0.461144 0.000498874 3.71382 0.000131361 141323 1.24375  
2.60437 0.11671 1.80396 0.119948 2.26774 195.794 0.430617 0.000528126 4.6102 0.000143446 231850 0.965661  
2.8655 0.0629793 2.10755 0.101408 2.15324 237.727 0.469149 0.000479441 4.6715 0.000144127 676605 0.324843  
1.32411 0.0777613 1.96409 0.114312 2.31168 221.307 0.469658 0.000506173 3.92357 0.000150765 853600 1.41894  
2.66626 0.0841306 2.54302 0.0966909 2.44079 236.093 0.330851 0.000482906 4.11144 9.72957e-05 903572 0.469556  
2.48893 0.158977 2.51148 0.0835286 2.01575 231.611 0.490455 0.000496011 3.42334 7.67614e-05 613154 0.497517  
1.70997 0.213182 2.05331 0.111115 2.34769 242.948 0.461403 0.000506188 3.40298 9.93839e-05 867649 1.37293  
1.52098 0.19195 2.27085 0.106575 2.25002 208.796 0.423134 0.000508489 4.11231 0.000180096 465517 0.766732  
3.42039 0.341399 2.05671 0.114232 2.2602 180.61 0.454963 0.000456859 4.18101 9.28181e-05 83669 0.889741  
1.96391 0.100103 1.81161 0.088002 1.92557 197.86 0.508243 0.000544699 4.72047 0.000124289 335290 1.02642  
