0.553208 0.380186 0.707707 
0.622678 0.700339 0.544304 
0.542356 0.440411 0.530475 
0.370643 0.332763 0.528248 
0.385508 0.585031 0.598067 
0.345125 0.436344 0.657437 
0.378413 0.50652 0.57838 
0.504878 0.60464 0.71998 
0.543585 0.493607 0.342444 
0.334458 0.472572 0.60403 
0.733952 0.479245 0.469637 
0.660287 0.57235 0.322121 
0.624868 0.586671 0.396944 
0.646631 0.382534 0.644701 
0.631916 0.481048 0.36262 
0.408784 0.533105 0.620154 
0.46113 0.550152 0.328801 
0.389593 0.533938 0.410943 
0.381712 0.39256 0.66139 
0.676864 0.528832 0.563925 
0.648384 0.472749 0.534487 
0.617349 0.51271 0.408675 
0.307285 0.546797 0.633009 
0.428937 0.302156 0.525649 
0.663457 0.62725 0.447856 
0.504048 0.753028 0.489614 
0.689258 0.590266 0.403195 
0.569208 0.288368 0.457046 
0.334001 0.387942 0.497175 
0.576118 0.55198 0.687355 
0.573198 0.54104 0.338498 
0.416417 0.56773 0.732571 
0.37109 0.617947 0.313931 
0.682841 0.473824 0.382414 
0.395221 0.367426 0.322163 
0.491552 0.444042 0.301897 
0.544615 0.518179 0.65114 
0.308983 0.649703 0.5623 
0.502483 0.324283 0.655927 
0.482813 0.599312 0.662804 
0.664654 0.515889 0.668184 
0.491639 0.521002 0.680117 
0.631693 0.620974 0.605175 
0.584379 0.513162 0.742656 
0.46899 0.573871 0.484074 
0.433733 0.405011 0.605237 
0.516525 0.59175 0.513673 
0.555653 0.436559 0.292802 
0.512395 0.460206 0.248885 
0.741322 0.560455 0.533818 
0.504996 0.661615 0.421021 
0.48357 0.638227 0.372188 
0.314953 0.634438 0.453421 
0.602212 0.265676 0.499816 
0.610705 0.536843 0.284466 
0.58505 0.656789 0.322606 
0.484608 0.311628 0.54541 
0.557692 0.436977 0.474968 
0.323599 0.443328 0.461542 
0.599908 0.433492 0.730524 
0.462453 0.674192 0.485235 
0.553309 0.309375 0.603401 
0.253082 0.479702 0.525556 
0.553912 0.619663 0.294339 
0.574325 0.493504 0.252481 
0.466151 0.685978 0.338572 
0.657314 0.30449 0.441528 
0.48106 0.356471 0.502504 
0.599497 0.370188 0.503954 
0.623712 0.542874 0.48324 
0.326764 0.554458 0.519046 
0.41612 0.704061 0.567893 
0.54605 0.374183 0.53471 
0.458242 0.706828 0.407827 
0.26661 0.444428 0.484661 
0.464807 0.372802 0.686037 
0.471615 0.417627 0.64623 
0.565414 0.509118 0.511404 
0.45993 0.260565 0.506898 
0.554587 0.389534 0.371388 
0.429654 0.643338 0.387196 
0.301765 0.338947 0.532975 
0.644678 0.431036 0.338954 
0.659353 0.44809 0.428233 
0.369945 0.566267 0.699478 
0.684868 0.529704 0.499034 
0.407021 0.708877 0.379362 
0.643466 0.39353 0.529224 
0.560592 0.385568 0.452974 
0.635856 0.520545 0.716499 
0.725521 0.509984 0.411275 
0.517924 0.723068 0.400952 
0.578512 0.356527 0.662867 
0.384047 0.386944 0.528652 
0.665077 0.484192 0.316788 
0.2852 0.553609 0.379776 
0.33534 0.336728 0.471894 
0.530008 0.700435 0.662441 
0.684716 0.572781 0.660828 
0.309208 0.495376 0.408614 
0.56376 0.652696 0.44679 
0.365978 0.591116 0.546495 
0.476506 0.479382 0.450178 
0.464953 0.503287 0.633165 
0.369189 0.477567 0.378609 
0.269736 0.536684 0.472646 
0.404455 0.591095 0.654348 
0.463388 0.467388 0.354485 
0.492402 0.635898 0.546898 
0.329688 0.332935 0.585886 
0.418793 0.604893 0.55372 
0.452169 0.310779 0.472266 
0.598914 0.704328 0.388105 
0.525249 0.527484 0.474519 
0.356848 0.414407 0.325845 
0.247809 0.491187 0.444943 
0.462977 0.285885 0.602736 
0.650516 0.438077 0.635697 
0.420505 0.436994 0.667211 
0.687275 0.338146 0.491764 
0.465041 0.382275 0.364522 
0.575967 0.348388 0.413298 
0.587009 0.585892 0.614886 
0.568439 0.618506 0.371149 
0.66083 0.673313 0.59596 
0.48485 0.257814 0.559206 
0.521687 0.479811 0.413917 
0.415039 0.470394 0.602519 
0.340016 0.452048 0.54979 
0.405676 0.552285 0.351915 
0.458138 0.658027 0.584683 
0.4427 0.570231 0.397735 
0.503886 0.419416 0.455318 
0.675836 0.377368 0.450814 
0.529578 0.561565 0.6169 
0.539219 0.591762 0.571681 
0.6843 0.58484 0.581124 
0.602057 0.640609 0.508312 
0.536597 0.747981 0.534352 
0.693511 0.417107 0.494929 
0.505702 0.292534 0.421207 
0.540179 0.680364 0.546344 
0.560871 0.512735 0.392369 
0.551022 0.461182 0.732511 
0.44991 0.411586 0.317679 
0.484458 0.451618 0.509651 
0.410849 0.38724 0.444328 
0.595019 0.458492 0.519986 
0.36611 0.641815 0.382207 
0.687396 0.494121 0.605614 
0.614626 0.317974 0.478846 
0.521801 0.348766 0.393936 
0.36171 0.628477 0.482105 
0.723292 0.412596 0.42904 
0.673257 0.66193 0.404671 
0.409572 0.651099 0.517389 
0.293434 0.413485 0.62912 
0.510465 0.514718 0.734411 
0.352941 0.486203 0.690496 
0.415364 0.456542 0.301236 
0.344016 0.677977 0.433679 
0.557779 0.697923 0.489663 
0.330904 0.381398 0.556667 
0.5129 0.43588 0.590291 
0.405085 0.70327 0.492421 
0.42194 0.515078 0.30683 
0.342335 0.557174 0.386816 
0.605167 0.590245 0.316626 
0.66207 0.309439 0.536748 
0.325445 0.472213 0.344562 
0.484084 0.688573 0.626322 
0.554926 0.430242 0.41891 
0.309176 0.526216 0.33485 
0.489502 0.735388 0.569807 
0.414435 0.568265 0.280572 
0.61844 0.387163 0.454003 
0.531885 0.286148 0.530516 
0.620241 0.303568 0.399131 
0.471688 0.429578 0.411753 
0.607153 0.36607 0.595677 
0.624956 0.43657 0.583868 
0.403419 0.341622 0.632668 
0.527176 0.659541 0.605009 
0.572714 0.735112 0.435667 
0.360731 0.652557 0.543196 
0.493682 0.528543 0.523059 
0.283024 0.50209 0.607475 
0.277333 0.444783 0.414569 
0.461394 0.524817 0.579149 
0.711992 0.482787 0.533163 
0.497495 0.501159 0.30589 
0.617686 0.670711 0.448787 
0.41207 0.435082 0.356744 
0.33007 0.370184 0.415042 
0.394899 0.482818 0.445175 
0.452979 0.340461 0.318724 
0.449749 0.305732 0.658719 
0.306828 0.489852 0.506118 
0.490758 0.307638 0.367355 
0.538023 0.602406 0.42119 
0.621999 0.585712 0.680375 
0.631784 0.495725 0.587369 
0.296842 0.600649 0.527229 
0.411689 0.572991 0.498939 
0.674127 0.411307 0.579239 
0.58742 0.491942 0.454612 
0.607722 0.444687 0.403865 
0.516876 0.371325 0.330269 
0.438297 0.648737 0.637202 
0.490082 0.450123 0.733663 
0.660172 0.555293 0.435008 
0.410472 0.328817 0.365001 
0.667431 0.606652 0.500016 
0.54968 0.670729 0.379453 
0.416974 0.447694 0.546502 
0.477016 0.57472 0.556964 
0.40977 0.384406 0.378819 
0.578206 0.435006 0.658102 
0.657469 0.666859 0.490814 
0.597107 0.483168 0.692291 
0.656214 0.485091 0.477117 
0.580261 0.682933 0.601257 
0.476811 0.607427 0.433551 
0.533907 0.396526 0.640512 
0.382431 0.647153 0.605274 
0.295502 0.514345 0.555136 
0.624252 0.666566 0.641672 
0.626874 0.294179 0.589115 
0.294234 0.424937 0.572179 
0.592816 0.484862 0.313833 
0.548527 0.475761 0.612881 
0.512634 0.418332 0.687632 
0.665663 0.34379 0.588404 
0.426758 0.511501 0.493459 
0.495866 0.396706 0.539173 
0.415898 0.539066 0.544888 
0.543871 0.603665 0.676786 
0.478863 0.462644 0.68029 
0.410252 0.701915 0.434402 
0.573697 0.438908 0.34829 
0.445292 0.536796 0.447911 
0.503465 0.42667 0.363966 
0.398576 0.349464 0.483686 
0.597518 0.321524 0.542499 
0.359616 0.363851 0.365034 
0.553782 0.320665 0.333269 
0.36014 0.526027 0.651293 
0.469958 0.357258 0.620778 
0.428665 0.328151 0.585343 
0.457223 0.488919 0.270317 
0.515894 0.655293 0.498654 
0.549085 0.55111 0.25548 
0.575002 0.554084 0.438443 
0.574382 0.589989 0.489383 
0.598868 0.380617 0.327422 
0.639574 0.431708 0.480923 
0.441652 0.436894 0.459832 
0.433146 0.523902 0.683797 
0.484201 0.5107 0.381487 
0.456423 0.317344 0.409886 
0.565874 0.538566 0.569877 
0.438464 0.391624 0.521506 
0.373009 0.419761 0.584513 
0.340911 0.384399 0.624067 
0.713415 0.572713 0.474317 
0.391109 0.59036 0.431134 
0.274657 0.395431 0.442408 
0.621572 0.542906 0.627801 
0.475075 0.603689 0.31237 
0.50913 0.544165 0.421108 
0.620667 0.639894 0.378568 
0.481417 0.564014 0.273993 
0.3019 0.578263 0.448531 
0.342717 0.523413 0.458947 
0.416193 0.653073 0.462157 
0.344056 0.423842 0.399824 
0.731988 0.433682 0.555455 
0.423707 0.610267 0.341161 
0.386653 0.324485 0.416495 
0.466166 0.364346 0.445704 
0.377052 0.280362 0.560443 
0.314296 0.567009 0.576108 
0.337082 0.60478 0.618547 
0.67308 0.524615 0.358011 
0.533526 0.584569 0.338677 
0.526829 0.379891 0.58796 
0.363117 0.512425 0.524944 
0.431039 0.475205 0.401731 
0.741312 0.512891 0.568939 
0.585005 0.634138 0.560404 
0.44869 0.739716 0.528682 
0.363597 0.485484 0.298846 
0.618081 0.389802 0.398151 
0.50447 0.293395 0.483142 
0.377805 0.445005 0.492926 
0.56667 0.654954 0.654668 
0.624384 0.558405 0.573628 
0.708974 0.416078 0.372993 
0.521323 0.504265 0.564295 
0.453841 0.575177 0.614147 
