92 223 231 -1 -1 -1 -1 -1 -1 -1 -1 -1 -1 -1 -1 
124 -1 -1 -1 -1 -1 -1 -1 -1 -1 -1 -1 -1 -1 -1 
57 72 145 147 163 234 -1 -1 -1 -1 -1 -1 -1 -1 -1 
23 81 93 96 109 162 242 280 -1 -1 -1 -1 -1 -1 -1 
15 101 106 110 224 282 299 -1 -1 -1 -1 -1 -1 -1 -1 
9 18 156 158 263 -1 -1 -1 -1 -1 -1 -1 -1 -1 -1 
9 15 127 235 286 -1 -1 -1 -1 -1 -1 -1 -1 -1 -1 
39 236 -1 -1 -1 -1 -1 -1 -1 -1 -1 -1 -1 -1 -1 
30 142 190 229 239 -1 -1 -1 -1 -1 -1 -1 -1 -1 -1 
5 6 128 186 228 262 -1 -1 -1 -1 -1 -1 -1 -1 -1 
90 189 -1 -1 -1 -1 -1 -1 -1 -1 -1 -1 -1 -1 -1 
54 167 283 -1 -1 -1 -1 -1 -1 -1 -1 -1 -1 -1 -1 
26 123 210 270 -1 -1 -1 -1 -1 -1 -1 -1 -1 -1 -1 
117 179 232 -1 -1 -1 -1 -1 -1 -1 -1 -1 -1 -1 -1 
21 33 82 94 206 229 283 -1 -1 -1 -1 -1 -1 -1 -1 
4 6 103 106 127 188 246 257 299 -1 -1 -1 -1 -1 -1 
129 165 174 190 258 268 271 277 -1 -1 -1 -1 -1 -1 -1 
104 129 131 166 194 240 265 273 -1 -1 -1 -1 -1 -1 -1 
5 118 181 263 -1 -1 -1 -1 -1 -1 -1 -1 -1 -1 -1 
20 85 136 149 189 201 288 296 -1 -1 -1 -1 -1 -1 -1 
19 147 180 189 201 220 255 -1 -1 -1 -1 -1 -1 -1 -1 
14 142 205 206 210 252 -1 -1 -1 -1 -1 -1 -1 -1 -1 
186 246 281 282 -1 -1 -1 -1 -1 -1 -1 -1 -1 -1 -1 
3 56 78 111 242 248 280 -1 -1 -1 -1 -1 -1 -1 -1 
26 154 191 212 218 -1 -1 -1 -1 -1 -1 -1 -1 -1 -1 
138 290 -1 -1 -1 -1 -1 -1 -1 -1 -1 -1 -1 -1 -1 
12 24 210 -1 -1 -1 -1 -1 -1 -1 -1 -1 -1 -1 -1 
53 150 293 -1 -1 -1 -1 -1 -1 -1 -1 -1 -1 -1 -1 
58 81 93 96 162 -1 -1 -1 -1 -1 -1 -1 -1 -1 -1 
36 43 200 236 -1 -1 -1 -1 -1 -1 -1 -1 -1 -1 -1 
8 54 142 167 229 284 -1 -1 -1 -1 -1 -1 -1 -1 -1 
84 257 -1 -1 -1 -1 -1 -1 -1 -1 -1 -1 -1 -1 -1 
277 -1 -1 -1 -1 -1 -1 -1 -1 -1 -1 -1 -1 -1 -1 
14 82 83 90 94 283 297 -1 -1 -1 -1 -1 -1 -1 -1 
114 144 195 211 216 244 -1 -1 -1 -1 -1 -1 -1 -1 -1 
47 48 107 144 190 241 249 -1 -1 -1 -1 -1 -1 -1 -1 
29 41 134 230 -1 -1 -1 -1 -1 -1 -1 -1 -1 -1 -1 
184 202 -1 -1 -1 -1 -1 -1 -1 -1 -1 -1 -1 -1 -1 
75 196 247 -1 -1 -1 -1 -1 -1 -1 -1 -1 -1 -1 -1 
7 208 236 299 -1 -1 -1 -1 -1 -1 -1 -1 -1 -1 -1 
89 98 149 267 -1 -1 -1 -1 -1 -1 -1 -1 -1 -1 -1 
36 103 157 237 257 -1 -1 -1 -1 -1 -1 -1 -1 -1 -1 
122 124 136 226 289 296 -1 -1 -1 -1 -1 -1 -1 -1 -1 
29 89 143 219 -1 -1 -1 -1 -1 -1 -1 -1 -1 -1 -1 
46 185 203 222 240 -1 -1 -1 -1 -1 -1 -1 -1 -1 -1 
76 118 127 247 262 -1 -1 -1 -1 -1 -1 -1 -1 -1 -1 
44 108 135 185 215 250 253 -1 -1 -1 -1 -1 -1 -1 -1 
35 48 229 239 -1 -1 -1 -1 -1 -1 -1 -1 -1 -1 -1 
35 47 64 190 249 -1 -1 -1 -1 -1 -1 -1 -1 -1 -1 
264 288 -1 -1 -1 -1 -1 -1 -1 -1 -1 -1 -1 -1 -1 
51 73 91 100 199 213 222 -1 -1 -1 -1 -1 -1 -1 -1 
50 65 80 222 268 -1 -1 -1 -1 -1 -1 -1 -1 -1 -1 
152 160 272 -1 -1 -1 -1 -1 -1 -1 -1 -1 -1 -1 -1 
27 150 243 -1 -1 -1 -1 -1 -1 -1 -1 -1 -1 -1 -1 
11 30 64 167 229 251 -1 -1 -1 -1 -1 -1 -1 -1 -1 
63 123 167 213 270 -1 -1 -1 -1 -1 -1 -1 -1 -1 -1 
23 67 78 116 125 176 248 293 -1 -1 -1 -1 -1 -1 -1 
2 88 132 147 171 205 -1 -1 -1 -1 -1 -1 -1 -1 -1 
28 74 187 197 266 275 294 -1 -1 -1 -1 -1 -1 -1 -1 
143 219 -1 -1 -1 -1 -1 -1 -1 -1 -1 -1 -1 -1 -1 
155 164 250 274 -1 -1 -1 -1 -1 -1 -1 -1 -1 -1 -1 
144 -1 -1 -1 -1 -1 -1 -1 -1 -1 -1 -1 -1 -1 -1 
74 197 225 -1 -1 -1 -1 -1 -1 -1 -1 -1 -1 -1 -1 
55 167 284 -1 -1 -1 -1 -1 -1 -1 -1 -1 -1 -1 -1 
48 54 229 251 -1 -1 -1 -1 -1 -1 -1 -1 -1 -1 -1 
51 -1 -1 -1 -1 -1 -1 -1 -1 -1 -1 -1 -1 -1 -1 
119 150 177 -1 -1 -1 -1 -1 -1 -1 -1 -1 -1 -1 -1 
56 111 234 261 279 293 -1 -1 -1 -1 -1 -1 -1 -1 -1 
72 87 88 150 175 243 -1 -1 -1 -1 -1 -1 -1 -1 -1 
85 205 210 220 252 253 -1 -1 -1 -1 -1 -1 -1 -1 -1 
101 197 202 225 273 281 286 -1 -1 -1 -1 -1 -1 -1 -1 
130 290 -1 -1 -1 -1 -1 -1 -1 -1 -1 -1 -1 -1 -1 
2 68 234 285 -1 -1 -1 -1 -1 -1 -1 -1 -1 -1 -1 
50 86 91 238 -1 -1 -1 -1 -1 -1 -1 -1 -1 -1 -1 
58 62 115 187 197 266 -1 -1 -1 -1 -1 -1 -1 -1 -1 
38 76 231 247 -1 -1 -1 -1 -1 -1 -1 -1 -1 -1 -1 
45 75 118 163 223 231 237 247 -1 -1 -1 -1 -1 -1 -1 
113 147 205 260 298 -1 -1 -1 -1 -1 -1 -1 -1 -1 -1 
23 56 111 125 293 -1 -1 -1 -1 -1 -1 -1 -1 -1 -1 
121 151 171 207 239 241 254 292 -1 -1 -1 -1 -1 -1 -1 
51 86 148 277 -1 -1 -1 -1 -1 -1 -1 -1 -1 -1 -1 
3 28 96 109 162 -1 -1 -1 -1 -1 -1 -1 -1 -1 -1 
14 33 94 254 -1 -1 -1 -1 -1 -1 -1 -1 -1 -1 -1 
33 206 220 255 -1 -1 -1 -1 -1 -1 -1 -1 -1 -1 -1 
31 106 246 -1 -1 -1 -1 -1 -1 -1 -1 -1 -1 -1 -1 
19 69 189 220 264 -1 -1 -1 -1 -1 -1 -1 -1 -1 -1 
73 80 238 -1 -1 -1 -1 -1 -1 -1 -1 -1 -1 -1 -1 
68 139 180 204 255 -1 -1 -1 -1 -1 -1 -1 -1 -1 -1 
57 68 121 132 171 175 -1 -1 -1 -1 -1 -1 -1 -1 -1 
40 43 219 -1 -1 -1 -1 -1 -1 -1 -1 -1 -1 -1 -1 
10 33 -1 -1 -1 -1 -1 -1 -1 -1 -1 -1 -1 -1 -1 
50 73 183 213 -1 -1 -1 -1 -1 -1 -1 -1 -1 -1 -1 
0 223 -1 -1 -1 -1 -1 -1 -1 -1 -1 -1 -1 -1 -1 
3 28 162 214 242 261 262 294 -1 -1 -1 -1 -1 -1 -1 
14 33 82 283 -1 -1 -1 -1 -1 -1 -1 -1 -1 -1 -1 
99 166 172 -1 -1 -1 -1 -1 -1 -1 -1 -1 -1 -1 -1 
3 28 81 193 242 -1 -1 -1 -1 -1 -1 -1 -1 -1 -1 
170 182 295 -1 -1 -1 -1 -1 -1 -1 -1 -1 -1 -1 -1 
40 200 -1 -1 -1 -1 -1 -1 -1 -1 -1 -1 -1 -1 -1 
95 104 115 169 187 273 -1 -1 -1 -1 -1 -1 -1 -1 -1 
50 161 191 199 213 250 -1 -1 -1 -1 -1 -1 -1 -1 -1 
4 70 110 184 203 281 -1 -1 -1 -1 -1 -1 -1 -1 -1 
126 132 145 178 240 256 287 -1 -1 -1 -1 -1 -1 -1 -1 
15 41 127 188 237 257 -1 -1 -1 -1 -1 -1 -1 -1 -1 
17 99 169 192 194 275 287 -1 -1 -1 -1 -1 -1 -1 -1 
115 197 272 -1 -1 -1 -1 -1 -1 -1 -1 -1 -1 -1 -1 
4 15 84 208 299 -1 -1 -1 -1 -1 -1 -1 -1 -1 -1 
35 144 178 190 192 241 258 287 -1 -1 -1 -1 -1 -1 -1 
46 130 135 141 182 215 250 -1 -1 -1 -1 -1 -1 -1 -1 
3 81 162 263 -1 -1 -1 -1 -1 -1 -1 -1 -1 -1 -1 
4 101 155 203 215 235 -1 -1 -1 -1 -1 -1 -1 -1 -1 
23 67 78 242 259 279 293 -1 -1 -1 -1 -1 -1 -1 -1 
183 191 213 270 -1 -1 -1 -1 -1 -1 -1 -1 -1 -1 -1 
77 185 252 269 -1 -1 -1 -1 -1 -1 -1 -1 -1 -1 -1 
34 169 192 244 -1 -1 -1 -1 -1 -1 -1 -1 -1 -1 -1 
74 99 105 187 -1 -1 -1 -1 -1 -1 -1 -1 -1 -1 -1 
56 125 196 248 -1 -1 -1 -1 -1 -1 -1 -1 -1 -1 -1 
13 180 204 -1 -1 -1 -1 -1 -1 -1 -1 -1 -1 -1 -1 
18 45 76 237 -1 -1 -1 -1 -1 -1 -1 -1 -1 -1 -1 
66 133 168 -1 -1 -1 -1 -1 -1 -1 -1 -1 -1 -1 -1 
144 178 195 207 216 241 -1 -1 -1 -1 -1 -1 -1 -1 -1 
79 88 151 175 177 292 -1 -1 -1 -1 -1 -1 -1 -1 -1 
42 134 135 260 267 296 -1 -1 -1 -1 -1 -1 -1 -1 -1 
12 55 167 199 213 270 284 -1 -1 -1 -1 -1 -1 -1 -1 
1 42 226 -1 -1 -1 -1 -1 -1 -1 -1 -1 -1 -1 -1 
56 78 116 176 -1 -1 -1 -1 -1 -1 -1 -1 -1 -1 -1 
102 142 171 178 258 269 -1 -1 -1 -1 -1 -1 -1 -1 -1 
6 15 45 103 214 262 -1 -1 -1 -1 -1 -1 -1 -1 -1 
9 162 197 228 262 286 294 -1 -1 -1 -1 -1 -1 -1 -1 
16 17 131 165 277 -1 -1 -1 -1 -1 -1 -1 -1 -1 -1 
71 108 170 182 208 -1 -1 -1 -1 -1 -1 -1 -1 -1 -1 
17 129 222 240 265 277 -1 -1 -1 -1 -1 -1 -1 -1 -1 
57 88 102 145 171 178 256 279 -1 -1 -1 -1 -1 -1 -1 
119 139 153 175 255 -1 -1 -1 -1 -1 -1 -1 -1 -1 -1 
36 122 135 260 -1 -1 -1 -1 -1 -1 -1 -1 -1 -1 -1 
46 108 122 134 215 260 289 -1 -1 -1 -1 -1 -1 -1 -1 
19 42 296 -1 -1 -1 -1 -1 -1 -1 -1 -1 -1 -1 -1 
191 218 253 289 -1 -1 -1 -1 -1 -1 -1 -1 -1 -1 -1 
25 141 161 173 -1 -1 -1 -1 -1 -1 -1 -1 -1 -1 -1 
87 133 255 -1 -1 -1 -1 -1 -1 -1 -1 -1 -1 -1 -1 
151 198 259 293 -1 -1 -1 -1 -1 -1 -1 -1 -1 -1 -1 
108 138 161 182 221 250 289 -1 -1 -1 -1 -1 -1 -1 -1 
8 21 30 126 205 252 269 -1 -1 -1 -1 -1 -1 -1 -1 
43 59 157 209 219 -1 -1 -1 -1 -1 -1 -1 -1 -1 -1 
34 35 107 120 159 192 195 -1 -1 -1 -1 -1 -1 -1 -1 
2 102 132 234 256 -1 -1 -1 -1 -1 -1 -1 -1 -1 -1 
216 242 256 279 -1 -1 -1 -1 -1 -1 -1 -1 -1 -1 -1 
2 20 57 77 255 -1 -1 -1 -1 -1 -1 -1 -1 -1 -1 
80 160 -1 -1 -1 -1 -1 -1 -1 -1 -1 -1 -1 -1 -1 
19 40 201 288 -1 -1 -1 -1 -1 -1 -1 -1 -1 -1 -1 
27 53 66 68 243 -1 -1 -1 -1 -1 -1 -1 -1 -1 -1 
79 121 140 198 207 -1 -1 -1 -1 -1 -1 -1 -1 -1 -1 
52 155 160 184 265 274 -1 -1 -1 -1 -1 -1 -1 -1 -1 
133 297 -1 -1 -1 -1 -1 -1 -1 -1 -1 -1 -1 -1 -1 
24 191 270 -1 -1 -1 -1 -1 -1 -1 -1 -1 -1 -1 -1 
60 110 152 164 184 274 -1 -1 -1 -1 -1 -1 -1 -1 -1 
5 228 263 -1 -1 -1 -1 -1 -1 -1 -1 -1 -1 -1 -1 
41 143 209 -1 -1 -1 -1 -1 -1 -1 -1 -1 -1 -1 -1 
5 246 -1 -1 -1 -1 -1 -1 -1 -1 -1 -1 -1 -1 -1 
144 165 192 249 291 -1 -1 -1 -1 -1 -1 -1 -1 -1 -1 
52 148 152 238 -1 -1 -1 -1 -1 -1 -1 -1 -1 -1 -1 
100 138 141 183 250 -1 -1 -1 -1 -1 -1 -1 -1 -1 -1 
3 28 81 93 109 128 228 262 263 -1 -1 -1 -1 -1 -1 
2 76 223 230 234 285 -1 -1 -1 -1 -1 -1 -1 -1 -1 
60 155 238 274 290 -1 -1 -1 -1 -1 -1 -1 -1 -1 -1 
16 129 159 174 249 291 -1 -1 -1 -1 -1 -1 -1 -1 -1 
17 95 172 -1 -1 -1 -1 -1 -1 -1 -1 -1 -1 -1 -1 
11 30 54 55 63 123 -1 -1 -1 -1 -1 -1 -1 -1 -1 
119 227 232 243 -1 -1 -1 -1 -1 -1 -1 -1 -1 -1 -1 
99 104 114 172 291 -1 -1 -1 -1 -1 -1 -1 -1 -1 -1 
97 130 182 208 -1 -1 -1 -1 -1 -1 -1 -1 -1 -1 -1 
57 79 88 126 132 206 -1 -1 -1 -1 -1 -1 -1 -1 -1 
95 166 169 -1 -1 -1 -1 -1 -1 -1 -1 -1 -1 -1 -1 
138 290 -1 -1 -1 -1 -1 -1 -1 -1 -1 -1 -1 -1 -1 
16 165 271 -1 -1 -1 -1 -1 -1 -1 -1 -1 -1 -1 -1 
68 88 121 133 255 292 -1 -1 -1 -1 -1 -1 -1 -1 -1 
56 125 293 -1 -1 -1 -1 -1 -1 -1 -1 -1 -1 -1 -1 
66 121 -1 -1 -1 -1 -1 -1 -1 -1 -1 -1 -1 -1 -1 
102 107 120 126 132 241 256 287 -1 -1 -1 -1 -1 -1 -1 
13 232 243 -1 -1 -1 -1 -1 -1 -1 -1 -1 -1 -1 -1 
20 87 117 201 204 -1 -1 -1 -1 -1 -1 -1 -1 -1 -1 
18 196 247 248 -1 -1 -1 -1 -1 -1 -1 -1 -1 -1 -1 
97 108 130 141 170 221 295 -1 -1 -1 -1 -1 -1 -1 -1 
91 112 161 -1 -1 -1 -1 -1 -1 -1 -1 -1 -1 -1 -1 
37 101 152 155 224 -1 -1 -1 -1 -1 -1 -1 -1 -1 -1 
44 46 113 188 215 298 -1 -1 -1 -1 -1 -1 -1 -1 -1 
9 22 225 -1 -1 -1 -1 -1 -1 -1 -1 -1 -1 -1 -1 
58 74 99 115 266 275 -1 -1 -1 -1 -1 -1 -1 -1 -1 
15 103 185 215 235 298 299 -1 -1 -1 -1 -1 -1 -1 -1 
10 19 20 85 276 288 -1 -1 -1 -1 -1 -1 -1 -1 -1 
8 16 35 48 107 249 -1 -1 -1 -1 -1 -1 -1 -1 -1 
24 100 112 137 154 218 -1 -1 -1 -1 -1 -1 -1 -1 -1 
104 107 114 144 159 216 287 -1 -1 -1 -1 -1 -1 -1 -1 
96 244 266 275 -1 -1 -1 -1 -1 -1 -1 -1 -1 -1 -1 
17 104 233 256 273 287 294 -1 -1 -1 -1 -1 -1 -1 -1 
34 120 144 198 207 211 -1 -1 -1 -1 -1 -1 -1 -1 -1 
38 116 181 247 -1 -1 -1 -1 -1 -1 -1 -1 -1 -1 -1 
58 62 70 74 105 128 225 273 286 -1 -1 -1 -1 -1 -1 
140 151 195 259 -1 -1 -1 -1 -1 -1 -1 -1 -1 -1 -1 
50 100 123 222 252 269 -1 -1 -1 -1 -1 -1 -1 -1 -1 
29 98 267 -1 -1 -1 -1 -1 -1 -1 -1 -1 -1 -1 -1 
19 20 149 180 267 296 -1 -1 -1 -1 -1 -1 -1 -1 -1 
37 70 281 -1 -1 -1 -1 -1 -1 -1 -1 -1 -1 -1 -1 
44 101 110 233 235 240 -1 -1 -1 -1 -1 -1 -1 -1 -1 
87 117 180 232 276 -1 -1 -1 -1 -1 -1 -1 -1 -1 -1 
21 57 69 77 142 252 -1 -1 -1 -1 -1 -1 -1 -1 -1 
14 21 83 171 239 292 -1 -1 -1 -1 -1 -1 -1 -1 -1 
79 120 151 195 241 245 -1 -1 -1 -1 -1 -1 -1 -1 -1 
39 106 130 170 224 -1 -1 -1 -1 -1 -1 -1 -1 -1 -1 
143 157 231 237 -1 -1 -1 -1 -1 -1 -1 -1 -1 -1 -1 
12 21 26 69 264 -1 -1 -1 -1 -1 -1 -1 -1 -1 -1 
34 195 216 244 259 278 -1 -1 -1 -1 -1 -1 -1 -1 -1 
24 218 264 -1 -1 -1 -1 -1 -1 -1 -1 -1 -1 -1 -1 
50 55 91 100 112 123 -1 -1 -1 -1 -1 -1 -1 -1 -1 
93 127 261 262 294 -1 -1 -1 -1 -1 -1 -1 -1 -1 -1 
46 108 110 135 185 188 235 299 -1 -1 -1 -1 -1 -1 -1 
34 120 146 192 211 244 -1 -1 -1 -1 -1 -1 -1 -1 -1 
219 223 230 -1 -1 -1 -1 -1 -1 -1 -1 -1 -1 -1 -1 
24 137 191 212 -1 -1 -1 -1 -1 -1 -1 -1 -1 -1 -1 
43 59 89 143 217 -1 -1 -1 -1 -1 -1 -1 -1 -1 -1 
20 69 83 85 255 -1 -1 -1 -1 -1 -1 -1 -1 -1 -1 
141 182 226 289 295 -1 -1 -1 -1 -1 -1 -1 -1 -1 -1 
44 50 51 131 199 -1 -1 -1 -1 -1 -1 -1 -1 -1 -1 
0 76 92 163 217 231 285 -1 -1 -1 -1 -1 -1 -1 -1 
4 184 208 282 -1 -1 -1 -1 -1 -1 -1 -1 -1 -1 -1 
62 70 186 197 281 -1 -1 -1 -1 -1 -1 -1 -1 -1 -1 
42 124 221 295 -1 -1 -1 -1 -1 -1 -1 -1 -1 -1 -1 
168 232 243 -1 -1 -1 -1 -1 -1 -1 -1 -1 -1 -1 -1 
9 128 156 162 -1 -1 -1 -1 -1 -1 -1 -1 -1 -1 -1 
8 14 30 47 54 64 239 -1 -1 -1 -1 -1 -1 -1 -1 
36 163 217 298 -1 -1 -1 -1 -1 -1 -1 -1 -1 -1 -1 
0 75 76 209 223 237 -1 -1 -1 -1 -1 -1 -1 -1 -1 
13 168 179 204 227 -1 -1 -1 -1 -1 -1 -1 -1 -1 -1 
194 203 235 240 286 -1 -1 -1 -1 -1 -1 -1 -1 -1 -1 
2 67 72 145 163 261 285 -1 -1 -1 -1 -1 -1 -1 -1 
6 110 188 203 215 233 286 -1 -1 -1 -1 -1 -1 -1 -1 
7 29 39 295 -1 -1 -1 -1 -1 -1 -1 -1 -1 -1 -1 
41 76 103 118 209 231 -1 -1 -1 -1 -1 -1 -1 -1 -1 
73 86 160 164 274 -1 -1 -1 -1 -1 -1 -1 -1 -1 -1 
8 47 79 206 229 254 -1 -1 -1 -1 -1 -1 -1 -1 -1 
17 44 102 131 203 233 269 -1 -1 -1 -1 -1 -1 -1 -1 
35 79 107 120 178 207 -1 -1 -1 -1 -1 -1 -1 -1 -1 
3 23 93 96 111 146 261 -1 -1 -1 -1 -1 -1 -1 -1 
53 68 150 168 179 227 -1 -1 -1 -1 -1 -1 -1 -1 -1 
34 114 193 211 216 275 278 -1 -1 -1 -1 -1 -1 -1 -1 
207 -1 -1 -1 -1 -1 -1 -1 -1 -1 -1 -1 -1 -1 -1 
15 22 84 158 -1 -1 -1 -1 -1 -1 -1 -1 -1 -1 -1 
38 45 75 76 181 196 248 285 -1 -1 -1 -1 -1 -1 -1 
23 56 116 181 247 -1 -1 -1 -1 -1 -1 -1 -1 -1 -1 
35 48 159 165 190 -1 -1 -1 -1 -1 -1 -1 -1 -1 -1 
46 60 100 108 141 161 -1 -1 -1 -1 -1 -1 -1 -1 -1 
54 64 271 -1 -1 -1 -1 -1 -1 -1 -1 -1 -1 -1 -1 
21 69 113 142 199 205 253 269 -1 -1 -1 -1 -1 -1 -1 
46 69 137 252 -1 -1 -1 -1 -1 -1 -1 -1 -1 -1 -1 
79 82 239 -1 -1 -1 -1 -1 -1 -1 -1 -1 -1 -1 -1 
20 83 87 133 139 147 175 220 -1 -1 -1 -1 -1 -1 -1 
102 132 145 146 178 194 287 -1 -1 -1 -1 -1 -1 -1 -1 
15 31 41 103 -1 -1 -1 -1 -1 -1 -1 -1 -1 -1 -1 
16 107 126 269 287 -1 -1 -1 -1 -1 -1 -1 -1 -1 -1 
111 140 198 211 278 279 -1 -1 -1 -1 -1 -1 -1 -1 -1 
77 122 134 135 296 298 -1 -1 -1 -1 -1 -1 -1 -1 -1 
67 93 214 234 242 -1 -1 -1 -1 -1 -1 -1 -1 -1 -1 
9 45 93 127 128 162 214 263 -1 -1 -1 -1 -1 -1 -1 
5 18 109 156 162 262 -1 -1 -1 -1 -1 -1 -1 -1 -1 
49 85 210 212 -1 -1 -1 -1 -1 -1 -1 -1 -1 -1 -1 
17 131 152 -1 -1 -1 -1 -1 -1 -1 -1 -1 -1 -1 -1 
58 74 187 193 -1 -1 -1 -1 -1 -1 -1 -1 -1 -1 -1 
40 122 200 201 296 -1 -1 -1 -1 -1 -1 -1 -1 -1 -1 
16 51 271 277 284 -1 -1 -1 -1 -1 -1 -1 -1 -1 -1 
113 126 142 199 240 252 258 -1 -1 -1 -1 -1 -1 -1 -1 
12 55 112 123 154 -1 -1 -1 -1 -1 -1 -1 -1 -1 -1 
16 174 251 268 -1 -1 -1 -1 -1 -1 -1 -1 -1 -1 -1 
52 105 273 -1 -1 -1 -1 -1 -1 -1 -1 -1 -1 -1 -1 
17 70 99 194 197 272 286 -1 -1 -1 -1 -1 -1 -1 -1 
60 152 155 164 238 -1 -1 -1 -1 -1 -1 -1 -1 -1 -1 
58 104 187 193 244 -1 -1 -1 -1 -1 -1 -1 -1 -1 -1 
189 204 -1 -1 -1 -1 -1 -1 -1 -1 -1 -1 -1 -1 -1 
16 32 80 129 131 268 -1 -1 -1 -1 -1 -1 -1 -1 -1 
211 244 259 -1 -1 -1 -1 -1 -1 -1 -1 -1 -1 -1 -1 
67 111 132 146 259 -1 -1 -1 -1 -1 -1 -1 -1 -1 -1 
3 23 -1 -1 -1 -1 -1 -1 -1 -1 -1 -1 -1 -1 -1 
22 70 101 202 225 282 -1 -1 -1 -1 -1 -1 -1 -1 -1 
4 22 224 281 -1 -1 -1 -1 -1 -1 -1 -1 -1 -1 -1 
11 14 33 94 -1 -1 -1 -1 -1 -1 -1 -1 -1 -1 -1 
30 63 123 268 -1 -1 -1 -1 -1 -1 -1 -1 -1 -1 -1 
72 163 223 234 247 -1 -1 -1 -1 -1 -1 -1 -1 -1 -1 
6 70 128 197 233 235 273 -1 -1 -1 -1 -1 -1 -1 -1 
102 104 107 178 192 194 256 258 -1 -1 -1 -1 -1 -1 -1 
19 49 149 189 -1 -1 -1 -1 -1 -1 -1 -1 -1 -1 -1 
42 135 137 141 221 -1 -1 -1 -1 -1 -1 -1 -1 -1 -1 
25 71 164 173 -1 -1 -1 -1 -1 -1 -1 -1 -1 -1 -1 
159 165 169 -1 -1 -1 -1 -1 -1 -1 -1 -1 -1 -1 -1 
79 121 175 206 -1 -1 -1 -1 -1 -1 -1 -1 -1 -1 -1 
27 56 67 78 111 140 176 -1 -1 -1 -1 -1 -1 -1 -1 
58 93 128 194 214 -1 -1 -1 -1 -1 -1 -1 -1 -1 -1 
97 182 221 226 236 -1 -1 -1 -1 -1 -1 -1 -1 -1 -1 
19 42 122 136 201 260 267 -1 -1 -1 -1 -1 -1 -1 -1 
33 153 -1 -1 -1 -1 -1 -1 -1 -1 -1 -1 -1 -1 -1 
77 185 188 230 260 -1 -1 -1 -1 -1 -1 -1 -1 -1 -1 
4 15 39 106 188 215 -1 -1 -1 -1 -1 -1 -1 -1 -1 
