84 108 229 243 253 -1 -1 -1 -1 -1 -1 -1 -1 -1 -1 
5 124 146 161 -1 -1 -1 -1 -1 -1 -1 -1 -1 -1 -1 
21 25 55 157 188 200 249 -1 -1 -1 -1 -1 -1 -1 -1 
34 67 87 194 260 290 -1 -1 -1 -1 -1 -1 -1 -1 -1 
47 130 136 183 230 299 -1 -1 -1 -1 -1 -1 -1 -1 -1 
1 119 132 153 161 162 228 -1 -1 -1 -1 -1 -1 -1 -1 
150 263 -1 -1 -1 -1 -1 -1 -1 -1 -1 -1 -1 -1 -1 
20 88 114 293 -1 -1 -1 -1 -1 -1 -1 -1 -1 -1 -1 
13 65 112 114 257 287 -1 -1 -1 -1 -1 -1 -1 -1 -1 
28 78 82 85 87 112 113 288 -1 -1 -1 -1 -1 -1 -1 
22 118 -1 -1 -1 -1 -1 -1 -1 -1 -1 -1 -1 -1 -1 
48 65 101 151 292 -1 -1 -1 -1 -1 -1 -1 -1 -1 -1 
36 46 107 272 -1 -1 -1 -1 -1 -1 -1 -1 -1 -1 -1 
8 43 104 151 163 237 253 257 -1 -1 -1 -1 -1 -1 -1 
61 91 96 117 131 166 187 284 -1 -1 -1 -1 -1 -1 -1 
21 32 55 124 157 204 217 -1 -1 -1 -1 -1 -1 -1 -1 
38 135 191 217 231 279 -1 -1 -1 -1 -1 -1 -1 -1 -1 
52 276 -1 -1 -1 -1 -1 -1 -1 -1 -1 -1 -1 -1 -1 
75 92 223 242 -1 -1 -1 -1 -1 -1 -1 -1 -1 -1 -1 
96 131 146 213 -1 -1 -1 -1 -1 -1 -1 -1 -1 -1 -1 
7 36 88 107 181 189 262 293 -1 -1 -1 -1 -1 -1 -1 
2 15 32 147 157 231 239 -1 -1 -1 -1 -1 -1 -1 -1 
10 56 141 154 192 196 -1 -1 -1 -1 -1 -1 -1 -1 -1 
93 221 269 297 -1 -1 -1 -1 -1 -1 -1 -1 -1 -1 -1 
45 59 76 97 207 211 226 -1 -1 -1 -1 -1 -1 -1 -1 
2 53 200 249 -1 -1 -1 -1 -1 -1 -1 -1 -1 -1 -1 
143 208 232 280 -1 -1 -1 -1 -1 -1 -1 -1 -1 -1 -1 
31 37 90 215 224 232 -1 -1 -1 -1 -1 -1 -1 -1 -1 
9 85 98 112 113 152 -1 -1 -1 -1 -1 -1 -1 -1 -1 
187 295 -1 -1 -1 -1 -1 -1 -1 -1 -1 -1 -1 -1 -1 
102 121 275 -1 -1 -1 -1 -1 -1 -1 -1 -1 -1 -1 -1 
27 77 121 258 -1 -1 -1 -1 -1 -1 -1 -1 -1 -1 -1 
15 21 124 148 165 217 227 231 -1 -1 -1 -1 -1 -1 -1 
39 44 109 171 175 214 -1 -1 -1 -1 -1 -1 -1 -1 -1 
3 71 194 -1 -1 -1 -1 -1 -1 -1 -1 -1 -1 -1 -1 
50 103 120 142 143 203 224 232 266 -1 -1 -1 -1 -1 -1 
12 20 251 -1 -1 -1 -1 -1 -1 -1 -1 -1 -1 -1 -1 
27 120 208 232 -1 -1 -1 -1 -1 -1 -1 -1 -1 -1 -1 
16 100 209 254 279 286 -1 -1 -1 -1 -1 -1 -1 -1 -1 
33 44 51 61 171 187 214 237 -1 -1 -1 -1 -1 -1 -1 
110 117 137 217 286 -1 -1 -1 -1 -1 -1 -1 -1 -1 -1 
55 132 205 267 294 -1 -1 -1 -1 -1 -1 -1 -1 -1 -1 
128 174 182 203 212 238 244 252 -1 -1 -1 -1 -1 -1 -1 
13 104 171 -1 -1 -1 -1 -1 -1 -1 -1 -1 -1 -1 -1 
33 39 131 -1 -1 -1 -1 -1 -1 -1 -1 -1 -1 -1 -1 
24 59 76 127 211 -1 -1 -1 -1 -1 -1 -1 -1 -1 -1 
12 107 216 -1 -1 -1 -1 -1 -1 -1 -1 -1 -1 -1 -1 
4 79 105 136 183 202 206 274 299 -1 -1 -1 -1 -1 -1 
11 84 163 -1 -1 -1 -1 -1 -1 -1 -1 -1 -1 -1 -1 
148 159 165 -1 -1 -1 -1 -1 -1 -1 -1 -1 -1 -1 -1 
35 120 142 215 218 224 246 -1 -1 -1 -1 -1 -1 -1 -1 
39 187 -1 -1 -1 -1 -1 -1 -1 -1 -1 -1 -1 -1 -1 
17 84 225 229 -1 -1 -1 -1 -1 -1 -1 -1 -1 -1 -1 
25 200 224 254 266 286 -1 -1 -1 -1 -1 -1 -1 -1 -1 
78 100 136 166 235 279 -1 -1 -1 -1 -1 -1 -1 -1 -1 
2 15 41 110 204 249 -1 -1 -1 -1 -1 -1 -1 -1 -1 
22 69 154 196 215 218 223 250 259 -1 -1 -1 -1 -1 -1 
60 82 89 248 -1 -1 -1 -1 -1 -1 -1 -1 -1 -1 -1 
110 175 204 219 228 294 -1 -1 -1 -1 -1 -1 -1 -1 -1 
24 45 76 122 127 180 -1 -1 -1 -1 -1 -1 -1 -1 -1 
57 82 287 -1 -1 -1 -1 -1 -1 -1 -1 -1 -1 -1 -1 
14 39 91 100 117 187 257 -1 -1 -1 -1 -1 -1 -1 -1 
64 95 106 126 241 -1 -1 -1 -1 -1 -1 -1 -1 -1 -1 
93 118 125 178 188 205 -1 -1 -1 -1 -1 -1 -1 -1 -1 
62 144 156 258 268 278 -1 -1 -1 -1 -1 -1 -1 -1 -1 
8 11 151 248 287 293 -1 -1 -1 -1 -1 -1 -1 -1 -1 
77 150 208 282 285 -1 -1 -1 -1 -1 -1 -1 -1 -1 -1 
3 87 -1 -1 -1 -1 -1 -1 -1 -1 -1 -1 -1 -1 -1 
81 126 167 185 263 271 -1 -1 -1 -1 -1 -1 -1 -1 -1 
56 102 154 215 223 275 -1 -1 -1 -1 -1 -1 -1 -1 -1 
105 207 226 240 261 -1 -1 -1 -1 -1 -1 -1 -1 -1 -1 
34 86 128 296 -1 -1 -1 -1 -1 -1 -1 -1 -1 -1 -1 
174 244 -1 -1 -1 -1 -1 -1 -1 -1 -1 -1 -1 -1 -1 
280 289 -1 -1 -1 -1 -1 -1 -1 -1 -1 -1 -1 -1 -1 
83 220 -1 -1 -1 -1 -1 -1 -1 -1 -1 -1 -1 -1 -1 
18 92 149 193 216 246 -1 -1 -1 -1 -1 -1 -1 -1 -1 
24 45 59 79 105 -1 -1 -1 -1 -1 -1 -1 -1 -1 -1 
31 66 121 133 208 258 285 -1 -1 -1 -1 -1 -1 -1 -1 
9 54 86 87 209 274 288 -1 -1 -1 -1 -1 -1 -1 -1 
47 76 105 170 201 202 -1 -1 -1 -1 -1 -1 -1 -1 -1 
108 225 -1 -1 -1 -1 -1 -1 -1 -1 -1 -1 -1 -1 -1 
68 167 177 207 277 -1 -1 -1 -1 -1 -1 -1 -1 -1 -1 
9 57 60 112 290 -1 -1 -1 -1 -1 -1 -1 -1 -1 -1 
74 265 -1 -1 -1 -1 -1 -1 -1 -1 -1 -1 -1 -1 -1 
0 48 52 225 -1 -1 -1 -1 -1 -1 -1 -1 -1 -1 -1 
9 28 98 113 130 260 274 -1 -1 -1 -1 -1 -1 -1 -1 
71 78 87 128 180 201 212 290 -1 -1 -1 -1 -1 -1 -1 
3 9 67 78 86 274 290 -1 -1 -1 -1 -1 -1 -1 -1 
7 20 107 222 248 272 293 -1 -1 -1 -1 -1 -1 -1 -1 
57 248 265 -1 -1 -1 -1 -1 -1 -1 -1 -1 -1 -1 -1 
27 95 164 224 232 241 254 266 -1 -1 -1 -1 -1 -1 -1 
14 61 113 236 298 -1 -1 -1 -1 -1 -1 -1 -1 -1 -1 
18 75 120 142 169 216 242 246 -1 -1 -1 -1 -1 -1 -1 
23 63 108 178 243 297 -1 -1 -1 -1 -1 -1 -1 -1 -1 
140 156 192 199 -1 -1 -1 -1 -1 -1 -1 -1 -1 -1 -1 
62 90 164 270 282 -1 -1 -1 -1 -1 -1 -1 -1 -1 -1 
14 19 131 146 186 213 233 284 -1 -1 -1 -1 -1 -1 -1 
24 139 211 270 -1 -1 -1 -1 -1 -1 -1 -1 -1 -1 -1 
28 85 113 152 236 -1 -1 -1 -1 -1 -1 -1 -1 -1 -1 
136 166 230 233 -1 -1 -1 -1 -1 -1 -1 -1 -1 -1 -1 
38 54 61 113 117 279 -1 -1 -1 -1 -1 -1 -1 -1 -1 
11 155 222 225 -1 -1 -1 -1 -1 -1 -1 -1 -1 -1 -1 
30 69 215 223 242 -1 -1 -1 -1 -1 -1 -1 -1 -1 -1 
35 120 142 143 182 203 216 -1 -1 -1 -1 -1 -1 -1 -1 
13 43 151 -1 -1 -1 -1 -1 -1 -1 -1 -1 -1 -1 -1 
47 70 76 79 202 206 226 235 -1 -1 -1 -1 -1 -1 -1 
62 158 210 227 231 -1 -1 -1 -1 -1 -1 -1 -1 -1 -1 
12 20 46 88 193 216 -1 -1 -1 -1 -1 -1 -1 -1 -1 
0 80 93 221 243 249 297 -1 -1 -1 -1 -1 -1 -1 -1 
33 228 -1 -1 -1 -1 -1 -1 -1 -1 -1 -1 -1 -1 -1 
40 55 58 137 175 204 214 237 253 -1 -1 -1 -1 -1 -1 
148 161 234 245 -1 -1 -1 -1 -1 -1 -1 -1 -1 -1 -1 
8 9 28 82 287 288 293 -1 -1 -1 -1 -1 -1 -1 -1 
9 28 85 91 98 100 -1 -1 -1 -1 -1 -1 -1 -1 -1 
7 8 137 286 293 -1 -1 -1 -1 -1 -1 -1 -1 -1 -1 
140 145 268 -1 -1 -1 -1 -1 -1 -1 -1 -1 -1 -1 -1 
267 -1 -1 -1 -1 -1 -1 -1 -1 -1 -1 -1 -1 -1 -1 
14 40 61 100 131 214 217 284 -1 -1 -1 -1 -1 -1 -1 
10 63 125 190 195 -1 -1 -1 -1 -1 -1 -1 -1 -1 -1 
5 132 219 228 -1 -1 -1 -1 -1 -1 -1 -1 -1 -1 -1 
35 37 50 92 103 142 143 169 242 -1 -1 -1 -1 -1 -1 
30 31 77 208 -1 -1 -1 -1 -1 -1 -1 -1 -1 -1 -1 
59 129 179 180 -1 -1 -1 -1 -1 -1 -1 -1 -1 -1 -1 
144 150 263 285 -1 -1 -1 -1 -1 -1 -1 -1 -1 -1 -1 
1 15 32 146 204 217 -1 -1 -1 -1 -1 -1 -1 -1 -1 
63 118 267 276 -1 -1 -1 -1 -1 -1 -1 -1 -1 -1 -1 
62 68 144 160 263 271 -1 -1 -1 -1 -1 -1 -1 -1 -1 
45 59 211 289 -1 -1 -1 -1 -1 -1 -1 -1 -1 -1 -1 
42 71 86 174 179 180 238 244 252 -1 -1 -1 -1 -1 -1 
122 174 179 280 -1 -1 -1 -1 -1 -1 -1 -1 -1 -1 -1 
4 85 136 274 298 -1 -1 -1 -1 -1 -1 -1 -1 -1 -1 
14 19 44 96 117 146 214 284 -1 -1 -1 -1 -1 -1 -1 
5 41 119 153 162 291 -1 -1 -1 -1 -1 -1 -1 -1 -1 
77 199 258 -1 -1 -1 -1 -1 -1 -1 -1 -1 -1 -1 -1 
182 244 252 -1 -1 -1 -1 -1 -1 -1 -1 -1 -1 -1 -1 
16 158 191 198 210 226 235 -1 -1 -1 -1 -1 -1 -1 -1 
4 47 54 99 130 206 230 274 298 -1 -1 -1 -1 -1 -1 
40 110 114 249 253 286 -1 -1 -1 -1 -1 -1 -1 -1 -1 
177 -1 -1 -1 -1 -1 -1 -1 -1 -1 -1 -1 -1 -1 -1 
97 164 180 209 226 238 -1 -1 -1 -1 -1 -1 -1 -1 -1 
94 115 145 192 239 268 -1 -1 -1 -1 -1 -1 -1 -1 -1 
22 154 178 188 192 200 278 -1 -1 -1 -1 -1 -1 -1 -1 
35 50 92 103 120 203 216 246 -1 -1 -1 -1 -1 -1 -1 
26 35 103 120 173 -1 -1 -1 -1 -1 -1 -1 -1 -1 -1 
64 123 126 -1 -1 -1 -1 -1 -1 -1 -1 -1 -1 -1 -1 
115 140 245 -1 -1 -1 -1 -1 -1 -1 -1 -1 -1 -1 -1 
1 19 96 124 131 165 186 213 284 -1 -1 -1 -1 -1 -1 
21 160 227 231 239 245 268 -1 -1 -1 -1 -1 -1 -1 -1 
32 49 111 159 161 165 227 -1 -1 -1 -1 -1 -1 -1 -1 
75 193 269 -1 -1 -1 -1 -1 -1 -1 -1 -1 -1 -1 -1 
6 66 123 285 -1 -1 -1 -1 -1 -1 -1 -1 -1 -1 -1 
11 13 65 104 287 292 -1 -1 -1 -1 -1 -1 -1 -1 -1 
28 98 -1 -1 -1 -1 -1 -1 -1 -1 -1 -1 -1 -1 -1 
5 132 162 291 -1 -1 -1 -1 -1 -1 -1 -1 -1 -1 -1 
22 56 69 141 199 215 278 -1 -1 -1 -1 -1 -1 -1 -1 
101 222 255 -1 -1 -1 -1 -1 -1 -1 -1 -1 -1 -1 -1 
64 94 256 268 -1 -1 -1 -1 -1 -1 -1 -1 -1 -1 -1 
2 15 21 205 239 -1 -1 -1 -1 -1 -1 -1 -1 -1 -1 
106 135 191 207 210 226 -1 -1 -1 -1 -1 -1 -1 -1 -1 
49 148 -1 -1 -1 -1 -1 -1 -1 -1 -1 -1 -1 -1 -1 
126 147 185 227 256 268 281 -1 -1 -1 -1 -1 -1 -1 -1 
1 5 111 148 162 -1 -1 -1 -1 -1 -1 -1 -1 -1 -1 
5 132 153 161 245 -1 -1 -1 -1 -1 -1 -1 -1 -1 -1 
13 48 171 175 -1 -1 -1 -1 -1 -1 -1 -1 -1 -1 -1 
90 95 139 232 238 254 266 -1 -1 -1 -1 -1 -1 -1 -1 
32 49 146 148 186 198 -1 -1 -1 -1 -1 -1 -1 -1 -1 
14 54 99 172 233 279 -1 -1 -1 -1 -1 -1 -1 -1 -1 
68 81 263 270 277 -1 -1 -1 -1 -1 -1 -1 -1 -1 -1 
172 186 -1 -1 -1 -1 -1 -1 -1 -1 -1 -1 -1 -1 -1 
92 120 173 242 -1 -1 -1 -1 -1 -1 -1 -1 -1 -1 -1 
79 176 183 201 274 -1 -1 -1 -1 -1 -1 -1 -1 -1 -1 
33 39 43 163 175 -1 -1 -1 -1 -1 -1 -1 -1 -1 -1 
166 168 206 -1 -1 -1 -1 -1 -1 -1 -1 -1 -1 -1 -1 
143 169 -1 -1 -1 -1 -1 -1 -1 -1 -1 -1 -1 -1 -1 
42 72 128 129 179 238 244 -1 -1 -1 -1 -1 -1 -1 -1 
33 58 110 163 171 273 294 -1 -1 -1 -1 -1 -1 -1 -1 
170 201 296 -1 -1 -1 -1 -1 -1 -1 -1 -1 -1 -1 -1 
81 138 207 -1 -1 -1 -1 -1 -1 -1 -1 -1 -1 -1 -1 
63 93 141 188 200 218 -1 -1 -1 -1 -1 -1 -1 -1 -1 
122 128 129 174 244 296 -1 -1 -1 -1 -1 -1 -1 -1 -1 
59 86 122 128 139 201 238 -1 -1 -1 -1 -1 -1 -1 -1 
20 203 212 262 288 290 293 -1 -1 -1 -1 -1 -1 -1 -1 
42 103 134 189 244 252 264 -1 -1 -1 -1 -1 -1 -1 -1 
4 47 170 -1 -1 -1 -1 -1 -1 -1 -1 -1 -1 -1 -1 
234 256 281 -1 -1 -1 -1 -1 -1 -1 -1 -1 -1 -1 -1 
68 160 281 -1 -1 -1 -1 -1 -1 -1 -1 -1 -1 -1 -1 
96 146 165 168 213 284 -1 -1 -1 -1 -1 -1 -1 -1 -1 
14 29 39 51 61 295 -1 -1 -1 -1 -1 -1 -1 -1 -1 
2 63 141 178 192 200 239 -1 -1 -1 -1 -1 -1 -1 -1 
20 182 203 252 262 264 -1 -1 -1 -1 -1 -1 -1 -1 -1 
118 195 -1 -1 -1 -1 -1 -1 -1 -1 -1 -1 -1 -1 -1 
16 135 158 226 254 -1 -1 -1 -1 -1 -1 -1 -1 -1 -1 
22 94 140 141 188 278 -1 -1 -1 -1 -1 -1 -1 -1 -1 
75 107 149 246 255 283 -1 -1 -1 -1 -1 -1 -1 -1 -1 
3 34 -1 -1 -1 -1 -1 -1 -1 -1 -1 -1 -1 -1 -1 
118 190 205 -1 -1 -1 -1 -1 -1 -1 -1 -1 -1 -1 -1 
22 56 250 259 -1 -1 -1 -1 -1 -1 -1 -1 -1 -1 -1 
247 -1 -1 -1 -1 -1 -1 -1 -1 -1 -1 -1 -1 -1 -1 
135 165 210 -1 -1 -1 -1 -1 -1 -1 -1 -1 -1 -1 -1 
94 133 154 258 278 -1 -1 -1 -1 -1 -1 -1 -1 -1 -1 
2 25 53 141 178 188 249 -1 -1 -1 -1 -1 -1 -1 -1 
79 86 170 176 180 -1 -1 -1 -1 -1 -1 -1 -1 -1 -1 
47 79 105 -1 -1 -1 -1 -1 -1 -1 -1 -1 -1 -1 -1 
35 42 103 142 181 189 212 266 -1 -1 -1 -1 -1 -1 -1 
15 55 58 110 124 214 217 -1 -1 -1 -1 -1 -1 -1 -1 
41 63 157 195 267 -1 -1 -1 -1 -1 -1 -1 -1 -1 -1 
47 105 136 172 235 261 299 -1 -1 -1 -1 -1 -1 -1 -1 
24 70 81 158 177 240 277 -1 -1 -1 -1 -1 -1 -1 -1 
26 37 66 77 121 232 282 -1 -1 -1 -1 -1 -1 -1 -1 
38 78 139 212 254 288 -1 -1 -1 -1 -1 -1 -1 -1 -1 
106 135 158 198 227 -1 -1 -1 -1 -1 -1 -1 -1 -1 -1 
24 45 97 127 289 -1 -1 -1 -1 -1 -1 -1 -1 -1 -1 
42 86 181 203 209 266 288 290 -1 -1 -1 -1 -1 -1 -1 
19 96 146 186 -1 -1 -1 -1 -1 -1 -1 -1 -1 -1 -1 
33 39 110 117 131 204 237 -1 -1 -1 -1 -1 -1 -1 -1 
27 50 56 69 102 154 218 223 -1 -1 -1 -1 -1 -1 -1 
46 75 92 103 107 142 264 -1 -1 -1 -1 -1 -1 -1 -1 
15 16 32 40 117 124 204 284 -1 -1 -1 -1 -1 -1 -1 
50 56 178 215 246 -1 -1 -1 -1 -1 -1 -1 -1 -1 -1 
58 119 273 294 -1 -1 -1 -1 -1 -1 -1 -1 -1 -1 -1 
74 257 295 -1 -1 -1 -1 -1 -1 -1 -1 -1 -1 -1 -1 
23 108 -1 -1 -1 -1 -1 -1 -1 -1 -1 -1 -1 -1 -1 
88 101 155 255 272 -1 -1 -1 -1 -1 -1 -1 -1 -1 -1 
18 56 69 102 215 -1 -1 -1 -1 -1 -1 -1 -1 -1 -1 
27 35 50 53 90 266 -1 -1 -1 -1 -1 -1 -1 -1 -1 
52 80 84 101 -1 -1 -1 -1 -1 -1 -1 -1 -1 -1 -1 
24 70 105 135 139 158 191 235 -1 -1 -1 -1 -1 -1 -1 
32 106 147 148 160 210 231 -1 -1 -1 -1 -1 -1 -1 -1 
5 58 109 119 -1 -1 -1 -1 -1 -1 -1 -1 -1 -1 -1 
0 52 243 294 -1 -1 -1 -1 -1 -1 -1 -1 -1 -1 -1 
4 99 136 298 -1 -1 -1 -1 -1 -1 -1 -1 -1 -1 -1 
16 21 32 106 147 227 -1 -1 -1 -1 -1 -1 -1 -1 -1 
26 27 35 37 90 164 208 282 -1 -1 -1 -1 -1 -1 -1 
96 99 166 -1 -1 -1 -1 -1 -1 -1 -1 -1 -1 -1 -1 
111 184 245 -1 -1 -1 -1 -1 -1 -1 -1 -1 -1 -1 -1 
54 105 135 206 226 279 -1 -1 -1 -1 -1 -1 -1 -1 -1 
91 98 295 298 -1 -1 -1 -1 -1 -1 -1 -1 -1 -1 -1 
13 39 110 214 253 257 -1 -1 -1 -1 -1 -1 -1 -1 -1 
42 128 139 164 174 180 -1 -1 -1 -1 -1 -1 -1 -1 -1 
21 140 147 157 188 268 -1 -1 -1 -1 -1 -1 -1 -1 -1 
70 207 -1 -1 -1 -1 -1 -1 -1 -1 -1 -1 -1 -1 -1 
62 90 -1 -1 -1 -1 -1 -1 -1 -1 -1 -1 -1 -1 -1 
18 92 102 120 169 -1 -1 -1 -1 -1 -1 -1 -1 -1 -1 
0 93 108 229 -1 -1 -1 -1 -1 -1 -1 -1 -1 -1 -1 
42 72 128 134 174 179 182 252 -1 -1 -1 -1 -1 -1 -1 
111 145 147 162 234 -1 -1 -1 -1 -1 -1 -1 -1 -1 -1 
50 75 92 142 193 218 -1 -1 -1 -1 -1 -1 -1 -1 -1 
197 280 -1 -1 -1 -1 -1 -1 -1 -1 -1 -1 -1 -1 -1 
57 65 88 89 265 272 292 -1 -1 -1 -1 -1 -1 -1 -1 
2 25 55 108 137 200 -1 -1 -1 -1 -1 -1 -1 -1 -1 
56 196 259 269 -1 -1 -1 -1 -1 -1 -1 -1 -1 -1 -1 
36 -1 -1 -1 -1 -1 -1 -1 -1 -1 -1 -1 -1 -1 -1 
42 128 134 182 189 244 262 -1 -1 -1 -1 -1 -1 -1 -1 
0 13 110 137 237 -1 -1 -1 -1 -1 -1 -1 -1 -1 -1 
38 53 90 164 191 209 266 286 -1 -1 -1 -1 -1 -1 -1 
155 193 222 297 -1 -1 -1 -1 -1 -1 -1 -1 -1 -1 -1 
156 160 184 268 281 -1 -1 -1 -1 -1 -1 -1 -1 -1 -1 
8 13 61 220 237 -1 -1 -1 -1 -1 -1 -1 -1 -1 -1 
31 64 77 133 199 278 -1 -1 -1 -1 -1 -1 -1 -1 -1 
56 196 250 269 -1 -1 -1 -1 -1 -1 -1 -1 -1 -1 -1 
3 85 -1 -1 -1 -1 -1 -1 -1 -1 -1 -1 -1 -1 -1 
70 206 -1 -1 -1 -1 -1 -1 -1 -1 -1 -1 -1 -1 -1 
20 181 189 252 290 -1 -1 -1 -1 -1 -1 -1 -1 -1 -1 
6 68 123 126 167 271 -1 -1 -1 -1 -1 -1 -1 -1 -1 
182 189 216 -1 -1 -1 -1 -1 -1 -1 -1 -1 -1 -1 -1 
83 89 248 292 -1 -1 -1 -1 -1 -1 -1 -1 -1 -1 -1 
35 53 90 164 203 212 224 254 -1 -1 -1 -1 -1 -1 -1 
41 116 125 205 -1 -1 -1 -1 -1 -1 -1 -1 -1 -1 -1 
64 115 140 147 156 160 239 256 -1 -1 -1 -1 -1 -1 -1 
23 149 250 259 -1 -1 -1 -1 -1 -1 -1 -1 -1 -1 -1 
95 97 167 282 -1 -1 -1 -1 -1 -1 -1 -1 -1 -1 -1 
68 126 263 281 -1 -1 -1 -1 -1 -1 -1 -1 -1 -1 -1 
12 88 222 248 -1 -1 -1 -1 -1 -1 -1 -1 -1 -1 -1 
175 219 294 -1 -1 -1 -1 -1 -1 -1 -1 -1 -1 -1 -1 
47 78 85 87 130 136 170 -1 -1 -1 -1 -1 -1 -1 -1 
30 69 -1 -1 -1 -1 -1 -1 -1 -1 -1 -1 -1 -1 -1 
17 125 -1 -1 -1 -1 -1 -1 -1 -1 -1 -1 -1 -1 -1 
81 167 207 -1 -1 -1 -1 -1 -1 -1 -1 -1 -1 -1 -1 
64 141 154 192 199 258 -1 -1 -1 -1 -1 -1 -1 -1 -1 
16 38 54 100 166 235 284 -1 -1 -1 -1 -1 -1 -1 -1 
26 73 129 247 -1 -1 -1 -1 -1 -1 -1 -1 -1 -1 -1 
160 184 185 256 271 -1 -1 -1 -1 -1 -1 -1 -1 -1 -1 
66 95 208 232 270 -1 -1 -1 -1 -1 -1 -1 -1 -1 -1 
193 -1 -1 -1 -1 -1 -1 -1 -1 -1 -1 -1 -1 -1 -1 
14 96 117 131 146 186 217 279 -1 -1 -1 -1 -1 -1 -1 
66 77 123 150 -1 -1 -1 -1 -1 -1 -1 -1 -1 -1 -1 
38 40 53 114 137 254 -1 -1 -1 -1 -1 -1 -1 -1 -1 
8 60 65 112 151 -1 -1 -1 -1 -1 -1 -1 -1 -1 -1 
9 78 112 181 209 212 290 -1 -1 -1 -1 -1 -1 -1 -1 
73 127 211 -1 -1 -1 -1 -1 -1 -1 -1 -1 -1 -1 -1 
3 82 86 87 181 212 262 288 -1 -1 -1 -1 -1 -1 -1 
132 153 -1 -1 -1 -1 -1 -1 -1 -1 -1 -1 -1 -1 -1 
11 151 248 265 -1 -1 -1 -1 -1 -1 -1 -1 -1 -1 -1 
7 20 65 88 112 114 181 -1 -1 -1 -1 -1 -1 -1 -1 
41 58 175 219 229 273 -1 -1 -1 -1 -1 -1 -1 -1 -1 
29 187 220 236 -1 -1 -1 -1 -1 -1 -1 -1 -1 -1 -1 
71 176 179 -1 -1 -1 -1 -1 -1 -1 -1 -1 -1 -1 -1 
23 93 108 255 -1 -1 -1 -1 -1 -1 -1 -1 -1 -1 -1 
91 130 136 230 236 -1 -1 -1 -1 -1 -1 -1 -1 -1 -1 
4 47 206 -1 -1 -1 -1 -1 -1 -1 -1 -1 -1 -1 -1 
