2.96542 0.109575 2.34685 0.0888436 2.17216 212.65 0.427611 0.000485884 4.31455 7.94493e-05 95060 0.858051  
2.27763 0.170799 2.05827 0.0820219 1.97441 221.967 0.484563 0.000444319 3.66811 0.000120948 595368 1.44104  
3.54777 0.163425 1.86596 0.102387 1.9314 252.189 0.419115 0.000558462 4.45501 0.000103114 502651 0.674271  
3.37311 0.179197 2.18218 0.105759 1.88645 197.419 0.478184 0.000535595 4.47376 0.000104074 961393 1.27001  
1.95301 0.188874 2.13348 0.101411 1.98255 168.403 0.47469 0.000556668 3.82524 7.86867e-05 897763 1.02494  
2.94244 0.0680176 1.96115 0.0881504 2.41317 210.827 0.512027 0.000548981 4.30405 0.000158078 79444 1.29424  
1.30982 0.0950858 2.16876 0.104866 1.64999 207.882 0.452955 0.00062108 4.051 8.5824e-05 233367 1.43537  
1.69511 0.0427023 2.13482 0.105448 1.99751 212.919 0.515479 0.000481114 3.50899 0.000117257 406219 0.354418  
2.88887 0.115168 2.02096 0.103362 2.31492 204.798 0.428874 0.000468182 4.1821 0.000122111 178736 0.251394  
2.32498 0.175182 2.01367 0.0905664 2.60295 203.106 0.446051 0.000592667 3.88583 0.000160027 518149 0.859305  
1.8895 0.0787102 2.25032 0.106283 2.58731 231.723 0.431139 0.000536892 4.65816 0.000132102 975407 0.269721  
1.95131 0.175 1.95631 0.10222 2.07956 203.791 0.37009 0.000528209 4.01414 0.000164335 952926 0.85904  
1.61631 0.0636243 1.82507 0.0959952 2.16306 248.996 0.370624 0.000481786 4.09868 0.000134734 28624 1.31274  
3.16205 0.133782 2.27973 0.0875576 1.63974 185.721 0.480275 0.000509861 3.36238 0.000123269 118606 1.41342  
2.71478 0.120609 1.85688 0.118001 2.16646 253.116 0.444211 0.000543168 4.25032 0.000112788 747793 0.581933  
2.88372 0.170158 2.28796 0.0804865 2.465 193.178 0.463594 0.000565897 4.4274 0.000166105 452551 0.434461  
2.38738 0.305035 2.53693 0.0935716 1.86109 209.5 0.493921 0.0005374 4.40433 0.000110658 313750 1.46465  
1.89639 0.157482 2.06205 0.103516 1.77388 181.681 0.492765 0.000501137 4.10324 0.000131092 898167 0.92619  
2.49235 0.225417 2.26654 0.0948716 1.91124 210.468 0.567406 0.000501758 3.70436 0.000139671 900973 1.24829  
1.95687 0.156311 1.89255 0.10506 1.86196 225.203 0.49073 0.000579545 4.57839 0.000150292 231011 1.0987  
1.06795 0.0359783 1.79715 0.0965605 2.34411 202.55 0.461079 0.000525825 4.34222 0.000125 997301 0.387857  
2.82692 0.129695 2.63832 0.085019 2.19928 217.76 0.50256 0.000447528 3.7817 0.000101875 23311 0.607229  
1.89532 0.195189 2.69506 0.105814 2.36356 205.012 0.531316 0.000453194 4.33585 6.43386e-05 890675 0.449898  
2.42625 0.188432 2.16743 0.115799 1.87739 194.224 0.416893 0.000492674 4.3009 0.000109457 755590 0.411876  
2.32762 0.110187 2.4971 0.0962518 1.83905 221.233 0.436331 0.000477955 4.13079 0.000183411 689772 0.517948  
0.771443 0.106914 2.6212 0.0997131 2.09379 166.495 0.448972 0.000534931 4.62096 0.000161223 238335 0.312442  
2.10624 0.0542247 2.08352 0.0978311 2.11512 207.947 0.460176 0.000528786 4.26437 0.000134913 195746 0.372303  
2.31746 0.164371 2.22423 0.0896221 2.27709 198.736 0.497415 0.000497857 4.43562 4.52476e-05 487131 0.619142  
2.19924 0.270945 2.24097 0.108472 2.11738 218.134 0.492324 0.000458156 4.23075 0.000124995 573793 0.943858  
2.82071 0.172169 2.13071 0.084941 2.14868 196.655 0.542738 0.000494105 4.17842 0.000157415 560280 0.538636  
2.00229 0.12709 2.23709 0.0923401 2.18634 197.36 0.432775 0.00053946 3.52664 0.000138036 229320 1.27313  
1.06081 0.118872 2.08186 0.0963875 2.16661 209.875 0.398751 0.000528813 3.11537 0.000214707 845894 0.485274  
1.94581 0.0472739 2.30807 0.0993399 1.90588 192.38 0.423848 0.000496754 4.07682 0.000175117 108117 0.665308  
2.44101 0.0923451 2.15071 0.0974236 2.1047 217.482 0.488689 0.000550049 3.40893 0.000211718 255763 0.929543  
2.36585 0.121024 1.80497 0.0996614 2.28283 193.628 0.549068 0.000479103 3.91738 0.000152602 803526 0.935154  
1.72471 0.0758124 2.20172 0.0969845 1.96187 196.888 0.485854 0.000569703 4.38598 0.000221395 905771 0.479599  
1.53837 0.0234927 2.24905 0.103927 1.9991 198.13 0.44945 0.000493464 4.47759 0.000120691 167637 1.08279  
3.4692 0.12256 2.29518 0.109995 2.21326 205.079 0.450556 0.000563888 4.06473 0.000152496 122846 0.847405  
2.0548 0.196263 2.31541 0.0808958 1.92053 209.662 0.450551 0.000404231 4.54466 0.000112422 713773 0.269887  
2.16761 0.148617 1.97523 0.112333 2.317 202.231 0.510699 0.000486688 3.9835 0.000129959 621729 0.88385  
2.00404 0.0375434 2.29634 0.074199 2.06054 205.517 0.379175 0.000525322 4.1291 0.000150064 87764 0.55991  
2.4723 0.0360377 2.03043 0.107395 2.01616 226.353 0.412808 0.00046844 3.88955 0.000107953 872353 1.43731  
2.36317 0.180976 2.53268 0.0913818 1.8721 206.893 0.499206 0.000546056 3.4495 0.000101763 755422 0.993255  
1.5232 0.193156 2.20403 0.0992476 2.41836 182.92 0.421391 0.000419597 3.92789 0.000147226 684930 1.28714  
1.58203 0.0911166 2.21464 0.101331 2.13924 214.359 0.522134 0.0004947 3.19478 0.00015385 276121 0.568729  
3.19935 0.10747 1.81153 0.0860376 2.39402 196.837 0.387897 0.000480522 4.56076 0.000121269 703135 0.445271  
3.47622 0.109172 2.04411 0.0944967 1.72435 233.887 0.411435 0.000535142 3.98565 0.00014466 420925 0.490534  
2.66535 0.0605264 2.0977 0.0943541 1.80766 220.987 0.516696 0.000477098 4.12558 0.00011753 152959 1.0685  
2.57304 0.0936653 2.03965 0.0941424 1.90802 154.877 0.523906 0.000601723 4.21481 0.00014949 322404 0.759986  
3.31499 0.332898 2.32584 0.108182 2.09575 181.29 0.419717 0.000441341 4.78867 8.14078e-05 999170 0.345236  
1.44728 0.0643681 2.16004 0.0864555 2.36181 229.621 0.511777 0.000549489 3.17867 0.000104354 513926 0.432541  
2.05094 0.0585143 1.55961 0.0735575 1.56567 214.233 0.45493 0.000559655 3.74687 0.000141486 949299 1.24438  
2.93997 0.0766297 2.10365 0.0776981 1.68655 207.47 0.456682 0.000457806 3.17759 0.000158784 834481 0.369241  
2.49834 0.143424 2.15772 0.0995613 2.16294 209.966 0.501853 0.000498972 3.19237 0.000155357 373743 1.33211  
1.53766 0.107478 2.055 0.0938913 2.10714 233.972 0.439026 0.000469015 4.22859 9.47386e-05 907669 1.24211  
1.96681 0.0394397 2.14452 0.0743908 2.02772 182.559 0.502304 0.00049595 3.13148 0.000126634 999932 1.43972  
2.84834 0.108096 1.77092 0.0983422 2.14281 195.831 0.393906 0.000555962 4.67209 5.06984e-05 210012 1.36937  
1.35274 0.0825588 2.16437 0.1123 1.80635 165.397 0.325315 0.000511662 4.19534 0.000126298 419379 0.766998  
2.68928 0.125028 2.1922 0.111025 1.81591 196.244 0.476084 0.000473745 3.6557 8.93388e-05 385644 1.49014  
2.79923 0.0596581 2.10594 0.0934964 2.24668 174.587 0.371806 0.000409553 3.51896 0.000139609 705403 1.33774  
2.69261 0.133382 2.1117 0.0927619 2.02903 217.471 0.403493 0.000467044 3.6941 9.09016e-05 298490 1.12375  
3.1839 0.0851685 1.686 0.102506 2.26112 221.437 0.559566 0.000480656 3.98689 9.41197e-05 368690 0.9453  
2.57442 0.0960381 2.46793 0.0826093 2.02104 183.086 0.426383 0.000509688 3.67236 0.000118297 516649 1.21449  
3.09259 0.13481 2.31048 0.0915344 2.57232 184.665 0.451607 0.000605301 3.5825 0.00014323 497281 0.94863  
3.08029 0.124111 2.24035 0.101637 2.54748 230.11 0.354652 0.000535829 4.24509 9.99795e-05 573622 0.351714  
2.2433 0.133077 2.08218 0.0894722 2.18123 239.068 0.498737 0.000481844 4.49155 0.000162333 513929 0.923051  
3.20396 0.049998 2.04003 0.103946 1.752 195.762 0.45756 0.000545749 3.99282 0.000115273 903881 1.0481  
2.49155 0.0760798 2.30156 0.0956936 2.10878 196.595 0.427321 0.000435519 4.20765 0.000178699 254586 0.268478  
2.51464 0.200337 1.97443 0.105157 1.84599 212.868 0.468046 0.000457118 4.08548 0.000145359 35568 1.09062  
2.76092 0.0433775 2.18302 0.0817067 1.9988 209.397 0.533665 0.000518546 3.9299 0.000121661 936987 1.33763  
1.78965 0.158533 1.70473 0.0940396 2.3784 231.056 0.477072 0.000527633 3.61656 6.06291e-05 747796 0.788774  
2.10973 0.0554331 2.20877 0.111453 2.05716 215.728 0.469753 0.00044065 3.66506 0.000124519 698927 0.59791  
1.84995 0.0843918 2.12884 0.101917 1.83824 210.904 0.454757 0.000468331 4.0233 9.68705e-05 48829 0.582812  
1.77827 0.158384 2.05834 0.102639 1.73586 213.072 0.452827 0.000474894 4.24267 0.000105172 268980 0.539628  
0.850759 0.0584652 2.05032 0.0920619 2.56492 209.248 0.431798 0.000447383 3.96626 0.000107529 709859 0.646413  
2.34017 0.061091 2.18477 0.102804 2.17411 192.927 0.462547 0.000492187 4.20327 7.34769e-05 290071 0.774165  
3.13825 0.0710409 2.06907 0.0954478 2.05753 211.654 0.511192 0.000491752 3.74138 0.000157581 548899 0.685675  
3.63703 0.0468661 1.95647 0.0769232 1.9523 184.902 0.450342 0.000462574 3.81602 0.000128455 947739 1.05915  
2.65843 0.0338114 2.04564 0.104541 2.15576 202.957 0.510229 0.000477998 3.69851 0.000120595 558440 1.37005  
1.82372 0.173538 2.39795 0.0921777 2.17335 229.285 0.387213 0.000573897 3.93365 0.000150876 353895 0.79069  
1.66787 0.152076 2.17932 0.0735364 2.05166 221.594 0.475402 0.000511078 3.91266 0.000140853 21530 1.31862  
2.40548 0.150137 2.39615 0.0882919 1.99655 216.387 0.402946 0.000500593 4.25203 0.000160037 757034 1.00251  
2.73794 0.091889 2.14946 0.101301 2.19121 213.415 0.453443 0.000569805 4.35395 0.000124838 408282 0.517684  
2.21999 0.356771 2.03018 0.100685 2.36736 215.117 0.465144 0.000530162 3.78513 0.000126828 953865 0.927464  
2.69655 0.0219859 1.9759 0.100966 2.18582 206.173 0.50193 0.00041222 4.22452 0.00012835 241873 1.37904  
2.2964 0.109976 2.51899 0.0916708 2.19166 209.129 0.436534 0.000464769 3.98935 9.80668e-05 171087 0.375815  
3.00604 0.0794977 2.01551 0.105316 1.9233 204.961 0.467163 0.000531064 3.81178 7.92236e-05 5211 0.977518  
2.5173 0.111736 2.3756 0.0894621 2.27492 216.585 0.504675 0.000503105 3.75286 0.000136321 808933 0.525662  
2.30738 0.0231137 2.22781 0.0868417 1.69606 197.192 0.508028 0.000508804 4.53231 0.000117711 898814 1.09156  
2.62999 0.144905 1.8718 0.0988996 2.06869 226.208 0.544875 0.000403308 4.22198 0.000107489 151432 0.635265  
2.25015 0.0933338 2.16658 0.0928515 1.96051 227.431 0.429352 0.000432564 3.99106 9.11051e-05 515434 0.764434  
2.50634 0.177049 2.06152 0.105752 1.94365 162.524 0.496523 0.000484453 5.3915 8.58786e-05 537764 0.913234  
2.63991 0.150255 1.95055 0.0938991 1.89612 198.639 0.408615 0.000408047 2.98838 0.000137519 335928 0.615908  
1.6432 0.237448 1.97617 0.0981356 2.08282 246.003 0.534809 0.000426522 3.94646 0.000157713 926652 1.47749  
1.78729 0.0860187 2.38621 0.09776 2.67955 219.923 0.520361 0.000509808 4.29401 7.34462e-05 493451 1.31234  
2.07451 0.0866297 2.18033 0.0992706 2.20784 217.617 0.454197 0.000545856 3.88666 0.000141683 925857 0.791173  
1.33454 0.175828 1.93965 0.109225 1.4396 241.97 0.418164 0.000493618 4.19875 0.000158919 228804 1.15772  
0.924667 0.102106 2.13759 0.0856379 1.8767 185.415 0.415022 0.000378568 3.92076 0.000100039 354340 0.54732  
2.33679 0.0827241 2.69977 0.103891 2.35697 184.372 0.492743 0.00051463 3.65233 0.000195259 806862 1.1864  
1.39412 0.137187 1.82227 0.108846 1.97394 217.759 0.453376 0.000474208 3.94141 0.000105247 67917 0.254222  
1.78488 0.0730072 1.72156 0.0866914 2.41452 208.86 0.441271 0.000502809 3.82555 0.000143086 433452 0.633826  
2.28941 0.132778 1.94361 0.100263 2.11015 184.294 0.430866 0.000411234 4.4198 0.000117884 947178 0.748324  
3.20171 0.11765 2.13498 0.0936915 2.26997 198.402 0.486885 0.000499112 3.67559 0.000148891 692777 1.08957  
1.62246 0.433572 2.0206 0.0846321 2.16314 175.497 0.583761 0.000493936 3.29551 0.000138464 739668 0.608904  
2.82928 0.0420412 2.35268 0.106635 2.08223 199.781 0.364986 0.000505728 3.65974 0.000123277 744729 0.606472  
2.98168 0.121014 2.18015 0.101899 1.95978 221.1 0.427295 0.000465672 3.86595 0.000140838 316437 0.841206  
1.88103 0.0473875 2.26949 0.10875 2.14204 206.965 0.489556 0.000525442 4.92566 0.000127247 502954 0.364361  
3.40051 0.0712296 2.0751 0.0909363 2.67283 182.061 0.573281 0.000565091 3.88697 0.000101818 759956 0.407763  
2.16737 0.209739 1.88768 0.092549 2.39191 172.373 0.396257 0.000464335 3.32497 9.591e-05 901474 0.851807  
2.67533 0.128745 2.09031 0.0919887 1.73331 233.528 0.445294 0.000557258 4.25099 8.98385e-05 892921 1.26089  
2.2783 0.181254 2.07738 0.0933714 1.78369 210.651 0.447621 0.000616807 3.57757 0.000113799 906996 1.2339  
1.45775 0.151944 1.75447 0.0801826 2.058 170.783 0.553156 0.000516737 3.50309 8.94611e-05 2904 1.31405  
1.96463 0.245689 2.16082 0.0981423 2.07836 225.209 0.477883 0.000552914 3.13919 0.000154871 819582 0.852622  
0.596177 0.0799833 2.12975 0.0855655 1.99169 179.226 0.454641 0.00049659 3.91656 0.000128849 979802 1.46196  
1.77234 0.115203 1.93068 0.0942332 2.09408 216.111 0.489121 0.000470831 4.8491 0.000112477 964443 0.984356  
1.65053 0.0337746 1.7701 0.101685 1.88314 214.484 0.380783 0.00059763 3.91883 0.000117671 97467 0.313618  
2.08253 0.0830761 2.17172 0.0908443 2.20004 206.347 0.410177 0.000494744 4.00913 0.000131199 51528 0.568251  
2.5709 0.180231 2.53414 0.0890875 2.25289 207.886 0.512999 0.000554404 4.78326 7.62347e-05 634022 0.428757  
1.98233 0.0546292 1.69752 0.0990957 2.36521 222.995 0.53065 0.000465733 4.40773 0.000116317 148365 0.512043  
2.12537 0.158638 2.32472 0.0856971 2.19735 217.338 0.502759 0.000472974 4.30768 7.55296e-05 639529 1.03503  
1.1849 0.041387 1.98227 0.100323 2.04881 187.843 0.495805 0.00050284 3.70014 0.000150507 894428 0.738466  
1.51074 0.126736 2.44061 0.087388 2.14701 184.09 0.404041 0.00049625 4.52341 7.90187e-05 794395 0.788051  
1.69714 0.141021 1.98915 0.0994152 2.52414 213.012 0.517093 0.000535247 4.17586 8.92149e-05 213258 0.590116  
1.96426 0.0966274 1.80867 0.0954055 2.16786 201.085 0.488859 0.000504391 3.84691 0.000113252 89172 0.857488  
1.67259 0.082255 1.79412 0.0802487 1.76076 197.048 0.415184 0.000598008 4.22044 0.000107354 549676 0.574446  
2.3694 0.104797 2.15364 0.0775996 2.25941 208.612 0.468806 0.000511051 4.41488 0.000112134 885386 0.923031  
2.84918 0.113992 1.92101 0.0901828 1.88227 188.425 0.445995 0.000472748 3.89644 0.000122896 665123 0.681465  
3.00806 0.131119 2.1146 0.102287 2.2765 182.692 0.426897 0.000534308 3.06035 0.000149137 477084 1.09371  
2.86157 0.0617611 2.17612 0.0878521 2.07024 166.104 0.420232 0.000489879 3.65445 0.000144399 455306 0.767691  
1.59171 0.163103 2.12065 0.0921266 2.43468 167.414 0.424605 0.000549868 4.06994 0.000106869 344043 0.33109  
2.35422 0.107627 1.66868 0.0988187 2.18725 210.743 0.552393 0.000574525 3.61479 0.000125909 258270 0.263433  
2.0671 0.262397 1.99999 0.107502 2.00275 198.473 0.495443 0.000571882 4.63321 0.000159195 898537 0.848063  
2.42017 0.0776489 2.18181 0.0863623 1.94296 194.51 0.415308 0.000507752 4.16571 9.8523e-05 332871 0.833395  
1.51438 0.102638 2.1305 0.0961693 2.23295 194.256 0.392959 0.0005253 3.74676 0.000123534 612399 0.66958  
2.50264 0.185465 2.1643 0.094552 2.449 226.162 0.420862 0.000512288 3.26551 0.000121844 470124 1.05433  
1.92632 0.18762 2.32887 0.114191 2.33786 211.785 0.504851 0.000477017 3.41109 0.000143392 887343 0.933914  
2.59891 0.269518 2.18207 0.101424 2.41354 214.205 0.456274 0.000561056 3.93277 4.83197e-05 911340 1.35998  
2.06042 0.0470921 1.82714 0.0678519 2.18513 162.178 0.431188 0.00057155 4.44362 0.00020921 530019 0.807978  
2.46914 0.17557 2.38013 0.10118 2.26746 220.622 0.401981 0.000466417 4.03133 0.000127788 235128 0.737298  
2.02825 0.0143267 2.04525 0.116041 2.2793 201.244 0.397392 0.000499315 3.61451 6.84989e-05 987743 1.14031  
1.65168 0.141277 1.83548 0.0918441 1.99777 204.042 0.493444 0.000547417 3.75034 0.000118898 805732 1.07557  
2.54789 0.0558232 2.15168 0.0843388 2.45374 171.834 0.451623 0.000485604 3.95855 0.000147658 465782 0.787809  
2.83944 0.0754998 1.49959 0.105084 2.4872 185.41 0.422977 0.000527647 3.62931 0.000135409 960378 0.855282  
2.25126 0.285807 2.09704 0.114497 2.17088 207.801 0.463014 0.000533846 4.45431 9.12045e-05 100545 0.892719  
1.95673 0.0749614 2.00061 0.0972371 1.9856 238.603 0.487601 0.00052515 4.06829 0.000122266 670688 0.57454  
3.08809 0.140664 2.37447 0.0945239 1.41036 217.823 0.516747 0.00051171 3.56392 0.000166767 429689 0.381192  
1.4664 0.0709734 2.04791 0.102539 2.25235 199.932 0.522495 0.000499265 3.91918 0.000124827 413784 0.359353  
3.27272 0.0682369 1.95647 0.0932813 2.17395 192.863 0.430973 0.000517241 3.9409 0.000190829 259470 0.705213  
2.54566 0.171516 2.37709 0.0884009 2.20967 142.027 0.533928 0.000540422 4.37775 7.20254e-05 597488 0.566225  
2.40324 0.182529 2.12864 0.093291 1.99449 199.484 0.469649 0.000443133 3.78324 0.000177867 698586 1.34935  
2.78203 0.098547 1.87247 0.0909976 1.95106 217.291 0.366513 0.000544355 4.40491 0.000175717 297539 0.63161  
2.86576 0.232988 2.39833 0.0986816 2.13089 203.288 0.408592 0.000553119 4.14581 0.000127826 153275 0.604328  
1.69961 0.0981598 2.44651 0.0979672 2.46385 211.482 0.546867 0.000453176 4.20251 8.69868e-05 490027 0.59898  
2.77591 0.152616 2.19685 0.104943 1.96485 177.429 0.434333 0.000495235 4.14125 0.000147452 512183 0.889928  
1.85127 0.218139 2.27013 0.089861 2.07121 196.059 0.426898 0.000509305 3.62815 0.000117231 702567 1.39825  
2.18583 0.0973178 2.0314 0.0889502 2.0292 167.728 0.392312 0.00039157 4.49928 9.98816e-05 911899 0.522007  
3.29652 0.0508057 1.99024 0.0987349 2.05078 222.724 0.411796 0.000562522 3.45071 0.000172664 792350 1.47642  
2.92008 0.0890007 1.82096 0.0969756 2.04672 202.632 0.357791 0.000494347 3.876 0.00016932 664370 1.09231  
3.14634 0.197492 2.35532 0.0984807 2.20392 202.71 0.508609 0.000575718 4.33589 0.000160734 469786 1.42825  
2.44453 0.202081 1.78677 0.0838509 2.07589 226.428 0.478272 0.000502518 4.54897 0.000145262 704567 0.416509  
1.47995 0.0625917 1.98118 0.10685 2.32799 204.769 0.482421 0.00050538 3.50726 0.00015794 544919 1.27451  
2.11625 0.0543855 1.97059 0.116709 2.15516 198.268 0.438741 0.000421412 4.9145 7.94853e-05 722862 1.21606  
2.71811 0.12958 2.00162 0.103156 1.95751 212.631 0.514813 0.000583497 4.01697 0.000112461 120709 0.502104  
2.64016 0.142432 2.39004 0.0953461 2.11316 218.175 0.415899 0.000608207 3.88383 0.000139919 321801 0.723171  
2.62497 0.0750701 2.23587 0.10183 2.30376 209.669 0.457157 0.000440066 4.3329 8.75897e-05 267605 0.48699  
2.81788 0.152416 1.92315 0.109872 2.22035 189.55 0.456392 0.000484289 4.33416 0.000163497 681095 0.795603  
2.07917 0.110484 1.97869 0.100763 1.79257 250.765 0.46481 0.000444786 4.60335 0.000157522 175011 0.847591  
2.54459 0.151678 1.84755 0.10667 1.77044 198.484 0.460087 0.000456783 3.20203 0.00014541 636915 0.807668  
1.98285 0.151444 2.11181 0.10092 2.25986 225.217 0.388502 0.000464699 3.44128 0.000150895 469841 1.04285  
1.82688 0.208282 2.14974 0.0978534 2.42562 242.968 0.417739 0.000436419 3.54744 0.000156196 308542 1.0236  
2.71077 0.113858 1.83925 0.109055 2.12365 222.889 0.555779 0.000548712 4.24313 9.15902e-05 710097 1.32345  
1.98586 0.12332 1.92855 0.101443 2.11591 222.131 0.497778 0.000509415 4.44386 0.000112469 376348 0.989313  
2.63784 0.174768 1.6721 0.0844065 2.04345 243.081 0.520549 0.00038978 4.58164 0.00010605 65818 0.717762  
2.19867 0.0990635 2.08275 0.0947832 2.34926 208.781 0.496406 0.000459223 3.31863 0.000163945 228444 1.07717  
3.12122 0.0242049 1.84888 0.0874325 2.05075 209.927 0.412841 0.000547513 3.73317 7.3714e-05 248626 0.736548  
1.33544 0.153065 2.3239 0.0855242 2.22403 195.291 0.444576 0.000514441 3.90241 0.000101454 777856 1.16362  
2.78454 0.0651238 1.96423 0.0906945 1.96052 225.101 0.437517 0.00048055 4.04795 0.000147864 165193 0.268211  
2.90452 0.068529 2.02276 0.103626 2.13647 188.96 0.454338 0.000539627 4.2865 0.00012933 348094 1.05678  
2.19608 0.149676 2.30192 0.0987756 2.02327 180.346 0.490941 0.000504027 3.75183 0.000130924 573317 1.09632  
4.30822 0.198527 2.15128 0.0986072 2.11906 209.067 0.408124 0.000508166 4.61477 0.000160217 776091 0.453862  
2.7404 0.202727 1.8402 0.0900915 2.34089 170.606 0.469234 0.000505518 3.88855 0.000128661 480570 1.05921  
2.01728 0.157382 2.39177 0.108994 2.14964 210.139 0.359759 0.000582259 3.85141 0.000144773 363368 0.984275  
3.14924 0.0488164 2.17572 0.0787765 2.16586 250.725 0.421832 0.000457733 3.32143 7.31742e-05 388464 1.07801  
2.40958 0.0518582 2.20833 0.0874687 2.42889 200.19 0.525778 0.000501054 3.76962 0.000187032 939507 0.659492  
1.84888 0.053142 1.9912 0.0919588 2.0779 191.613 0.413995 0.000556843 3.7048 0.000128458 486715 0.796171  
3.18879 0.0483972 1.9131 0.0858566 1.95283 163.871 0.465348 0.000499833 4.84548 0.000151462 133069 1.34982  
2.13454 0.114429 2.19413 0.0926838 1.75528 247.762 0.513749 0.000463517 4.03053 0.000177411 441500 0.939467  
2.28541 0.116151 2.22091 0.090693 2.08904 209.273 0.460456 0.000547622 4.15041 0.000144898 759355 0.746433  
2.42091 0.270124 1.95653 0.0909395 2.4496 156.003 0.492343 0.000545421 3.91865 0.000143211 520059 0.617949  
1.82962 0.0849533 2.28417 0.0948539 1.62295 214.337 0.463386 0.000646719 4.3692 0.000143018 110197 1.34529  
2.38867 0.136841 2.52975 0.11509 2.2029 181.396 0.469195 0.0004885 4.56344 0.000155662 466996 0.295125  
2.82344 0.147039 2.18757 0.0930474 2.3556 225.306 0.414634 0.000448085 4.12119 0.000111189 179497 1.39544  
1.89804 0.164822 2.20878 0.107346 2.14397 195.173 0.443534 0.000550335 3.47783 0.000134116 442062 1.14754  
2.39832 0.174996 2.47103 0.0973179 2.55563 200.986 0.541946 0.000531276 3.32884 0.000118989 377373 1.24958  
2.01784 0.0911474 2.21184 0.0885646 2.24101 201.919 0.489033 0.000554407 3.92603 0.000159409 612902 1.41244  
2.00344 0.0892749 2.04189 0.107882 2.21528 181.096 0.46369 0.000484909 3.4018 0.000202745 226340 1.24958  
2.43756 0.125441 2.38478 0.0925456 1.95334 174.84 0.447662 0.000561127 3.464 9.23465e-05 412924 1.15825  
1.87132 0.0776664 2.0192 0.0874674 2.16226 204.408 0.45325 0.000442062 4.59443 0.000137258 392754 1.43672  
1.98342 0.14693 2.37773 0.0991896 2.08672 244.352 0.435577 0.000457873 4.39227 0.000124477 324914 0.619047  
1.77641 0.0578145 2.34361 0.101847 2.11217 233.555 0.438678 0.000430626 4.00604 0.000106915 66601 1.0839  
1.18824 0.0502542 2.33001 0.101037 2.0216 206.395 0.382404 0.000488404 3.93759 0.000129658 174067 0.560042  
1.67928 0.0877613 2.02648 0.0939927 2.09194 201.815 0.470629 0.000518923 4.04464 0.000104009 346619 0.919076  
1.85755 0.101416 2.38527 0.104863 2.14078 182.179 0.548832 0.000520966 4.19482 0.000106222 594324 1.2803  
2.42785 0.186439 2.24096 0.100541 2.25827 204.16 0.39517 0.000535629 4.15903 9.95122e-05 387981 0.72156  
2.26439 0.176346 2.04334 0.0953843 2.31691 210.051 0.511142 0.000530254 3.96384 0.000147917 657199 0.753449  
1.7569 0.080244 2.18755 0.0775894 2.12586 184.307 0.482544 0.000543524 3.96141 0.000192189 268139 0.622691  
2.15351 0.122799 2.18289 0.0748317 1.96959 203.792 0.515359 0.000469524 3.63268 0.000131223 2245 0.804712  
1.48516 0.236111 1.76451 0.119928 2.08027 196.444 0.556248 0.000412554 3.31665 0.000133175 738097 1.44674  
2.8124 0.0870736 2.19957 0.0879838 1.96905 209.032 0.506786 0.000489582 4.01029 0.000144462 114613 0.760059  
2.29225 0.138755 2.3278 0.116505 1.76802 204.069 0.456347 0.000594578 4.30859 0.000125791 636226 1.24121  
1.62284 0.10676 1.90678 0.0916389 2.17527 232.913 0.432171 0.000408883 4.22543 8.89807e-05 127828 0.480935  
2.1361 0.1362 2.09391 0.0850408 2.13672 240.408 0.55098 0.000410094 3.91566 9.75226e-05 346491 1.09599  
2.42718 0.0282519 2.338 0.0938142 2.07258 184.549 0.451827 0.000468262 3.89348 0.000117107 209441 1.03735  
2.58322 0.0872765 2.13613 0.101838 1.91575 241.537 0.475102 0.00052937 3.88338 0.000147358 702305 1.18828  
2.33774 0.0576554 2.37369 0.104027 2.13983 180.913 0.464315 0.00047978 4.18267 0.000136972 993368 1.30306  
3.27735 0.0503587 1.79274 0.112915 2.15793 207.287 0.497391 0.000463281 3.95997 0.000126355 344818 1.15264  
1.62965 0.148211 1.91436 0.0892436 2.11997 209.969 0.41971 0.000566307 3.83835 0.000132561 570492 0.250955  
2.30056 0.0440666 2.46844 0.0954949 2.15198 215.386 0.474188 0.000399913 4.09334 0.000136934 322227 1.4526  
3.04848 0.0631186 2.42441 0.107331 2.07147 227.988 0.458683 0.00044549 3.98863 0.000154214 140795 0.838503  
2.19272 0.0455225 2.14201 0.112722 2.07279 249.08 0.334471 0.000532345 4.97989 0.000186252 243555 1.34765  
2.40574 0.0842443 1.7447 0.0922973 2.03344 201.801 0.539492 0.000509003 3.85383 9.16792e-05 723058 0.708179  
2.65043 0.0345798 2.36797 0.0879303 2.05707 215.866 0.414588 0.000480796 4.06352 0.000170542 18456 0.347984  
2.15372 0.0571512 2.00544 0.0870176 2.31928 231.392 0.451111 0.000523925 4.91772 0.00016634 473730 0.99242  
2.30691 0.114715 2.35465 0.0851844 2.11977 195.351 0.506401 0.000500014 3.73083 0.000122598 956429 1.23675  
2.54581 0.159365 2.04801 0.09099 2.41998 214.231 0.417385 0.000526665 3.7279 0.000129463 426808 1.12803  
1.30456 0.125842 2.10481 0.0958596 1.97829 208.958 0.462362 0.000432509 4.85767 0.000153134 192379 1.05742  
3.61241 0.075381 2.26189 0.0985163 1.95814 219.027 0.529281 0.00049684 4.31426 9.69216e-05 289383 0.641592  
2.25887 0.107934 1.67718 0.103091 2.3797 191.082 0.489147 0.000464255 4.20112 9.8251e-05 503465 0.752334  
2.25665 0.159034 2.08789 0.0976331 2.27741 178.164 0.455989 0.00046542 3.98263 0.000113354 180540 0.69558  
3.45872 0.216507 1.84185 0.0957776 2.14198 191.472 0.481384 0.000431724 3.77424 0.000129336 336327 0.40687  
1.44399 0.115822 2.215 0.103029 2.09712 196.045 0.459692 0.000571391 3.94688 0.00011438 478042 0.382764  
2.43188 0.0218712 2.22278 0.105357 2.21227 237.442 0.512729 0.000485032 3.83157 0.00012239 899228 0.674426  
1.664 0.232034 1.91757 0.0947588 2.27587 214.645 0.481276 0.000552782 3.55256 0.000169091 616124 0.480481  
2.15196 0.154409 2.00411 0.099554 1.9862 216.021 0.474982 0.000513355 3.84013 0.000159289 930886 1.46033  
1.9493 0.140199 2.01151 0.0958467 1.65689 223.84 0.487986 0.000594615 4.75157 0.000134565 187190 0.464626  
1.46517 0.111554 1.80778 0.110665 2.26005 181.796 0.472478 0.000485985 3.55724 0.00015292 724286 0.701177  
2.02933 0.111777 2.27371 0.0947305 1.96599 206.428 0.451496 0.000629714 4.39066 9.78388e-05 252996 1.17158  
1.7912 0.0352731 2.01877 0.0851973 1.71663 262.76 0.512575 0.000435478 3.85892 0.000103166 383426 0.456758  
2.1968 0.192812 2.53331 0.075071 2.26506 220.087 0.431871 0.000570957 3.27277 0.000130322 142618 0.438069  
1.95074 0.0642756 1.80104 0.0865069 2.16988 209.556 0.421558 0.000488547 3.99846 0.000125161 318776 1.30222  
2.16172 0.083445 2.19901 0.104544 1.96157 200.968 0.426849 0.000574917 3.93358 0.000153211 425661 0.286238  
1.6782 0.092339 2.2093 0.118882 1.96586 190.687 0.547592 0.000503295 4.30392 9.45655e-05 202362 1.13941  
2.03839 0.229714 2.01968 0.0862879 2.70001 204.046 0.37824 0.000433741 3.7248 0.000136067 661237 0.909898  
2.05632 0.0860169 1.47327 0.0867983 2.16934 208.91 0.47222 0.000509075 2.98873 0.000134478 908235 1.43885  
1.9744 0.0677455 2.02722 0.089687 2.03325 219.168 0.440682 0.000478637 3.89786 0.000187094 661313 1.31068  
2.05963 0.206682 2.35912 0.0878925 2.11999 240.629 0.494005 0.000435343 2.91312 0.000151622 295499 0.693112  
1.94195 0.0924625 2.05606 0.0862478 2.48819 168.156 0.44503 0.000451337 3.77288 0.000130845 393584 0.571117  
2.16801 0.16232 2.32986 0.0868233 2.13636 198.846 0.472908 0.000467071 3.77157 0.000104503 43324 1.33702  
2.19384 0.0568894 2.12045 0.0991865 2.18022 193.262 0.497132 0.000472888 4.51058 0.000124282 532036 1.38181  
1.35672 0.0423013 2.13755 0.075032 1.60333 205.918 0.496996 0.000473478 3.18959 0.000118437 473416 0.390188  
2.45591 0.149325 2.25029 0.0974985 2.40287 185.485 0.400181 0.000503307 3.62699 0.000169405 276965 1.33747  
2.02713 0.0937689 2.19783 0.0802321 2.11146 214.443 0.481975 0.000510272 3.45228 0.000117574 641421 1.4118  
2.35339 0.107692 2.1564 0.0762746 2.28492 230.007 0.362729 0.000557514 4.03147 0.000124132 798315 0.389875  
2.4853 0.178089 1.82263 0.0879753 2.27951 189.206 0.426199 0.000389385 3.90868 0.000104711 750846 1.10433  
3.00094 0.195392 2.42449 0.104698 2.50121 208.864 0.536643 0.00046488 4.13511 0.000157654 281936 1.37916  
2.84111 0.223075 2.01774 0.0780902 1.87201 194.119 0.467885 0.000571971 4.69284 0.000121419 36029 0.722636  
1.45137 0.147203 1.99512 0.116295 1.8767 204.737 0.434489 0.000535136 4.29606 4.49839e-05 811305 0.818385  
1.72761 0.22312 1.99418 0.109432 2.25755 155.157 0.466137 0.000469111 3.13144 0.000172765 272813 0.95418  
2.22749 0.151939 2.10109 0.102612 1.89397 202.332 0.507705 0.000462254 4.07575 0.000189733 964683 0.945499  
1.89168 0.0772399 2.21806 0.100284 1.99871 172.199 0.437417 0.000521317 3.81494 0.000145728 158660 0.444472  
2.76874 0.0274555 2.28565 0.100706 1.93103 207.493 0.38068 0.000448595 4.09176 9.19544e-05 338082 1.40658  
2.18582 0.119265 2.21047 0.0864738 2.17319 224.227 0.488536 0.000506042 4.1536 0.000154272 586708 1.34597  
2.11498 0.147331 1.98555 0.103198 2.3875 217.248 0.409677 0.000476784 3.34209 0.00013844 365084 0.972846  
2.79043 0.12822 2.31808 0.0981424 2.42325 189.607 0.530308 0.000457957 3.9559 0.00014742 959708 1.00678  
2.08408 0.0635399 2.07109 0.0981656 2.15904 241.209 0.38717 0.000511481 3.53028 0.000154598 176229 1.18165  
2.27122 0.0785132 2.38165 0.0936845 2.15313 163.312 0.449232 0.000518498 3.69744 0.000114667 695788 0.614185  
2.24621 0.202167 2.26463 0.110446 1.75092 176.146 0.457616 0.000598297 4.04629 0.000164721 700723 1.40855  
1.53375 0.246952 2.31073 0.0848446 2.23356 217.316 0.415583 0.000439438 3.96557 0.000182833 206725 0.432411  
2.76675 0.290721 2.15717 0.113966 1.81655 204.466 0.429709 0.000511986 3.75101 0.000156689 44878 0.582448  
2.43409 0.111673 2.10185 0.109941 2.0228 218.541 0.458281 0.000462559 3.33851 0.000174404 116466 0.879294  
2.36249 0.0690007 2.11815 0.0768657 1.70949 197.939 0.428965 0.00052572 3.93931 0.000170289 660336 0.410642  
1.75214 0.0998358 2.35873 0.0905403 1.99717 180.138 0.472529 0.000444678 3.7219 0.000104109 947468 0.386947  
0.429227 0.0944496 1.96334 0.0920922 2.2653 209.255 0.462456 0.000463668 4.64288 0.000150067 117276 0.4346  
2.96579 0.0517013 2.03948 0.102128 1.95454 206.935 0.499202 0.000502296 3.95113 0.000116275 962600 1.02366  
2.59284 0.10995 1.97769 0.101686 2.00638 204.347 0.503488 0.000427148 4.14978 0.000135001 990364 0.326296  
2.94417 0.177059 1.60395 0.0968149 1.86108 203.729 0.472042 0.000506456 3.52873 0.000182398 617505 0.523415  
2.82388 0.0298737 2.36094 0.0981804 2.56486 194.778 0.481259 0.000511669 4.02012 0.00013597 366143 0.617269  
3.31073 0.0992359 2.55909 0.0912982 2.00366 234.05 0.446423 0.000498415 4.14753 0.000153316 145550 0.903874  
2.23381 0.0807335 1.96097 0.092482 2.22742 223.855 0.505868 0.000519111 3.67758 0.000132883 436840 1.28828  
2.32164 0.069409 2.16744 0.0883863 1.76923 173.76 0.411013 0.00059772 3.86247 0.000120036 484421 0.902564  
2.7643 0.104529 2.40391 0.111836 2.46388 178.673 0.511572 0.000510822 3.9644 0.000124117 275856 1.27676  
2.20527 0.0315584 2.0551 0.0705433 2.2335 156.655 0.468871 0.000454493 3.72465 0.00015635 613810 0.704315  
2.48532 0.0835123 1.81115 0.10273 2.19867 213.452 0.439559 0.000448283 3.32324 0.000118375 648522 0.964151  
2.52689 0.0735239 2.0461 0.095829 2.11213 192.858 0.439513 0.000498826 4.53804 0.000137968 797369 0.50174  
2.80217 0.143612 2.04429 0.095778 2.18519 218.668 0.480597 0.000485223 3.51189 0.000170781 854538 0.452838  
2.52895 0.10787 1.9816 0.0985557 2.01725 219.591 0.420373 0.000438497 3.47181 7.85238e-05 575198 0.992966  
2.4969 0.143903 2.42076 0.100787 2.07574 221.821 0.403298 0.000509771 4.13892 0.000169471 651434 0.716759  
2.6136 0.143248 1.7503 0.0954165 2.19804 209.069 0.423581 0.000532317 4.19317 0.000123533 370163 0.74365  
2.41332 0.040011 2.46716 0.10157 2.308 227.658 0.460985 0.000516928 3.76689 0.000130426 468858 0.779388  
2.40379 0.0776051 1.93804 0.094472 1.67075 234.813 0.510831 0.000457866 3.98453 0.000146515 278611 0.674359  
2.29324 0.0688596 2.17415 0.0977625 2.14338 193.945 0.448753 0.00052844 3.77953 0.0002066 888228 0.387163  
2.39867 0.095076 1.76529 0.103254 2.03759 247.732 0.504091 0.000356459 3.61 0.000115827 409503 0.36542  
2.33502 0.128635 2.8444 0.0858403 1.94255 161.501 0.48681 0.000499017 4.23616 0.000121776 566413 1.05545  
3.31136 0.0792978 2.29812 0.108447 2.21496 180.892 0.501523 0.00063102 3.93533 6.99678e-05 126505 1.32651  
2.19231 0.177393 2.16927 0.097571 2.37409 217.467 0.541224 0.000459866 3.78053 0.000181875 260756 0.988151  
2.69381 0.0740146 2.05445 0.0950645 2.13633 230.802 0.475781 0.000566017 3.95702 8.84577e-05 760492 1.36986  
3.37389 0.177076 1.82904 0.0913469 2.13795 199.049 0.51148 0.000512391 4.78162 0.00014567 958031 0.662169  
2.87391 0.101356 2.0749 0.0877767 1.97414 182.083 0.525401 0.000445788 3.9604 0.000138978 569917 1.32217  
2.2286 0.0572894 2.31123 0.0819092 2.27827 244.927 0.416678 0.000495999 3.37959 0.000187368 305624 1.04128  
1.99917 0.0992531 2.00921 0.092086 2.03439 233.408 0.442005 0.000500486 4.05033 0.000124575 455736 0.265891  
