0.474965 0.577276 0.64396 
0.319784 0.641285 0.476505 
0.413953 0.498014 0.574129 
0.70081 0.547667 0.428744 
0.602297 0.627759 0.31548 
0.312994 0.622163 0.534603 
0.429678 0.323858 0.327048 
0.594047 0.490091 0.58379 
0.570405 0.599593 0.551646 
0.62629 0.584152 0.452952 
0.383897 0.410845 0.698462 
0.60213 0.618318 0.654067 
0.706686 0.462668 0.620314 
0.561072 0.65818 0.590891 
0.468706 0.663006 0.44651 
0.387118 0.559695 0.528839 
0.447277 0.53281 0.445218 
0.446902 0.540725 0.750862 
0.579838 0.328808 0.635184 
0.373333 0.696157 0.464439 
0.659876 0.487862 0.5584 
0.378274 0.50604 0.517307 
0.404357 0.373413 0.642698 
0.522628 0.45475 0.691873 
0.497294 0.440626 0.327226 
0.453368 0.505817 0.525028 
0.560337 0.341715 0.438194 
0.480814 0.375059 0.525495 
0.621389 0.632551 0.479244 
0.500475 0.747002 0.420185 
0.521406 0.248839 0.553234 
0.457848 0.316445 0.525479 
0.375635 0.544712 0.459591 
0.432454 0.70543 0.568636 
0.732041 0.492322 0.415569 
0.5663 0.397899 0.51314 
0.720429 0.500414 0.581947 
0.528402 0.329783 0.51406 
0.511743 0.546464 0.460122 
0.484621 0.690585 0.525808 
0.486698 0.576106 0.527474 
0.377085 0.571659 0.620379 
0.630018 0.4206 0.45935 
0.546933 0.723938 0.585809 
0.426136 0.725739 0.506956 
0.525563 0.424919 0.28004 
0.689578 0.411641 0.642166 
0.577371 0.577058 0.326164 
0.548864 0.647667 0.665697 
0.309761 0.605467 0.407644 
0.548041 0.378788 0.572402 
0.498639 0.746053 0.522398 
0.485908 0.591725 0.725739 
0.504128 0.479246 0.536781 
0.534799 0.592707 0.399532 
0.424254 0.555028 0.589169 
0.463392 0.362119 0.641721 
0.684631 0.559625 0.552919 
0.402628 0.643812 0.593985 
0.56762 0.428481 0.319369 
0.688566 0.61654 0.520517 
0.524289 0.666208 0.479555 
0.410887 0.399965 0.455412 
0.401451 0.467679 0.643923 
0.377667 0.374702 0.496447 
0.609858 0.588309 0.601 
0.472282 0.296719 0.418215 
0.689115 0.577759 0.381559 
0.364135 0.419452 0.358716 
0.465712 0.303994 0.617936 
0.474425 0.517423 0.309051 
0.679887 0.489049 0.389681 
0.6534 0.338336 0.432413 
0.537089 0.306837 0.367264 
0.625675 0.705864 0.540805 
0.622934 0.378637 0.637902 
0.533354 0.475812 0.300425 
0.438581 0.299615 0.46878 
0.587729 0.553037 0.412998 
0.57901 0.50956 0.324439 
0.548479 0.554487 0.64734 
0.388498 0.445348 0.299518 
0.65869 0.563627 0.499008 
0.673529 0.676849 0.562371 
0.500545 0.620394 0.678212 
0.637747 0.627621 0.417637 
0.614757 0.493658 0.407825 
0.645838 0.54947 0.412002 
0.64209 0.512788 0.610873 
0.728291 0.572468 0.601216 
0.484668 0.431868 0.485894 
0.534419 0.667217 0.424425 
0.614121 0.353714 0.58944 
0.467899 0.469517 0.668067 
0.331354 0.348892 0.55072 
0.467809 0.411 0.432031 
0.416722 0.677654 0.418542 
0.522213 0.400376 0.377858 
0.614452 0.676403 0.435676 
0.510303 0.66806 0.34395 
0.522407 0.60267 0.462123 
0.608099 0.577205 0.689967 
0.523206 0.298067 0.584695 
0.634839 0.384907 0.527043 
0.597684 0.702299 0.614969 
0.527141 0.53239 0.332215 
0.404935 0.462582 0.426002 
0.644283 0.441514 0.605872 
0.502991 0.522212 0.646498 
0.381402 0.71464 0.587277 
0.462986 0.611336 0.579318 
0.26413 0.533847 0.456229 
0.599865 0.5843 0.504802 
0.575583 0.625462 0.449522 
0.555139 0.539163 0.562695 
0.274393 0.420079 0.513367 
0.335203 0.595948 0.674724 
0.474505 0.617416 0.487514 
0.35498 0.440286 0.657738 
0.324933 0.64277 0.592915 
0.586317 0.351045 0.535716 
0.484967 0.267572 0.508534 
0.617181 0.400277 0.32979 
0.384703 0.298516 0.382696 
0.372777 0.602154 0.49649 
0.378284 0.489117 0.704045 
0.369643 0.390297 0.406482 
0.564343 0.384119 0.277006 
0.644644 0.446328 0.408839 
0.638672 0.354425 0.361482 
0.620069 0.642712 0.365874 
0.421267 0.664741 0.479118 
0.33392 0.582369 0.587385 
0.404707 0.265661 0.509288 
0.734801 0.407336 0.45435 
0.442734 0.521711 0.376934 
0.560952 0.622228 0.356198 
0.503387 0.552839 0.575321 
0.339121 0.519491 0.31019 
0.547594 0.458317 0.385269 
0.31647 0.414217 0.552883 
0.42846 0.401858 0.586116 
0.594032 0.409106 0.559705 
0.598188 0.349801 0.477775 
0.363899 0.3394 0.436882 
0.282513 0.476801 0.55193 
0.373782 0.63822 0.453563 
0.34607 0.476409 0.476548 
0.323308 0.556933 0.431065 
0.592484 0.392008 0.689102 
0.444676 0.286693 0.368788 
0.619052 0.642779 0.599391 
0.655912 0.680447 0.480366 
0.275553 0.58068 0.575094 
0.41698 0.332921 0.595152 
0.590739 0.526285 0.702273 
0.316819 0.34932 0.496579 
0.356825 0.509678 0.568361 
0.44142 0.461408 0.374912 
0.312401 0.548552 0.376484 
0.334105 0.432338 0.42569 
0.288767 0.589431 0.476895 
0.312331 0.559872 0.537209 
0.512741 0.681464 0.63541 
0.53136 0.434591 0.446383 
0.365244 0.592324 0.423279 
0.476894 0.626661 0.387443 
0.420799 0.404672 0.332531 
0.387836 0.648019 0.339138 
0.636106 0.312148 0.549436 
0.640288 0.538336 0.336959 
0.494845 0.704217 0.588746 
0.447039 0.621897 0.335329 
0.632665 0.295242 0.492055 
0.627613 0.382328 0.408999 
0.453732 0.661324 0.619406 
0.682041 0.508638 0.313318 
0.390418 0.508169 0.279523 
0.447845 0.437293 0.623962 
0.672507 0.413577 0.371702 
0.596982 0.437022 0.371157 
0.622179 0.502065 0.509612 
0.683469 0.395284 0.489276 
0.629933 0.575958 0.297675 
0.255992 0.430101 0.441904 
0.313505 0.458112 0.372941 
0.395171 0.632416 0.39139 
0.501753 0.717183 0.466915 
0.392333 0.443741 0.582321 
0.683724 0.442284 0.530771 
0.308648 0.471827 0.670631 
0.474436 0.490894 0.417314 
0.359997 0.389221 0.589705 
0.613243 0.437307 0.657689 
0.74758 0.530983 0.462228 
0.317635 0.464526 0.615585 
0.431926 0.344182 0.683462 
0.568073 0.272439 0.468191 
0.393219 0.557452 0.368867 
0.381435 0.306357 0.562577 
0.454069 0.459751 0.573599 
0.624937 0.483264 0.339488 
0.561699 0.536994 0.273474 
0.61533 0.440271 0.518363 
0.415289 0.604059 0.54566 
0.36427 0.516806 0.626296 
0.509878 0.594939 0.31868 
0.43747 0.473806 0.308785 
0.505526 0.313399 0.464476 
0.546991 0.50531 0.435498 
0.39041 0.500343 0.367015 
0.5085 0.384946 0.32189 
0.592883 0.48057 0.463909 
0.349349 0.673879 0.418797 
0.447485 0.648866 0.533457 
0.486125 0.346901 0.587079 
0.656036 0.39114 0.583963 
0.430349 0.580082 0.487288 
0.504812 0.406173 0.617005 
0.368007 0.663259 0.642495 
0.583038 0.704515 0.498664 
0.502718 0.510187 0.716223 
0.633854 0.531946 0.663346 
0.524167 0.328306 0.631028 
0.514309 0.418364 0.544036 
0.538493 0.580645 0.698995 
0.493236 0.497661 0.362483 
0.356703 0.49837 0.422038 
0.366225 0.661875 0.541063 
0.437235 0.584513 0.684952 
0.5584 0.67796 0.316443 
0.407008 0.498171 0.469786 
0.522153 0.381531 0.470541 
0.458186 0.691377 0.379541 
0.284027 0.484897 0.435243 
0.488573 0.552952 0.370251 
0.580293 0.720623 0.426666 
0.503309 0.642286 0.552464 
0.583724 0.415713 0.427693 
0.35081 0.455234 0.540339 
0.469062 0.484284 0.25379 
0.428016 0.437251 0.504236 
0.582549 0.308029 0.573756 
0.441437 0.525906 0.66839 
0.684793 0.399318 0.427339 
0.29982 0.510734 0.49587 
0.575172 0.403443 0.613494 
0.607468 0.279032 0.414868 
0.673325 0.568753 0.60709 
0.466905 0.514432 0.594889 
0.492706 0.345202 0.704048 
0.748494 0.528273 0.541571 
0.691923 0.451461 0.461428 
0.517419 0.611438 0.601224 
0.512028 0.487979 0.478325 
0.581304 0.488675 0.660596 
0.309008 0.388497 0.452107 
0.568925 0.64902 0.527153 
0.393963 0.320234 0.501086 
0.464998 0.402014 0.695785 
0.695305 0.617765 0.44142 
0.469937 0.565219 0.273583 
0.689553 0.49743 0.501709 
0.382796 0.365038 0.358627 
0.712144 0.395045 0.554002 
0.694652 0.618665 0.59433 
0.547821 0.45682 0.507922 
0.369557 0.551074 0.672705 
0.341676 0.41631 0.490279 
0.528225 0.398586 0.697802 
0.456582 0.374444 0.383939 
0.328289 0.375464 0.36185 
0.691096 0.515243 0.646058 
0.420819 0.678794 0.665144 
0.617286 0.584509 0.372267 
0.464349 0.253319 0.576764 
0.42601 0.475371 0.731043 
0.437799 0.414185 0.272403 
0.403361 0.366568 0.548026 
0.479909 0.581624 0.4234 
0.591682 0.324264 0.378013 
0.285379 0.403666 0.402768 
0.47938 0.357415 0.444466 
0.646599 0.451456 0.708118 
0.431658 0.615723 0.443451 
0.42766 0.262404 0.415919 
0.52475 0.533849 0.516533 
0.634652 0.613127 0.550103 
0.594111 0.539708 0.472971 
0.549239 0.346295 0.318965 
0.649445 0.515686 0.458587 
0.28976 0.555963 0.628758 
0.661584 0.616306 0.64302 
0.611027 0.536603 0.551046 
0.405826 0.619549 0.648921 
0.549712 0.747007 0.465141 
0.702648 0.465271 0.342127 
0.530403 0.475044 0.63864 
0.571859 0.68521 0.37732 
0.559442 0.609672 0.283285 
